08465|2017/07|539,613|58,574|58,462|493,054|50,711|93,011|375,002|31,511|46,500|
08427|2017/07|28,632|8,307|583|20,862|4,530|777|16,235|3,071|901|
01216|2017/07|433,071,439|158,547,291|18.43|305,890,694|133,876,081|27.49|202,247,005|105,007,244|0|
08291|2017/07|143,798|53,298|39,000|113,166|16,235|34,000|88,351|9,683|10,000|
08472|2017/07|151,815|13,704|78,946|163,374|24,666|95,327|
01676|2017/07|222,630|109,982|0|156,967|73,751|9,625|131,625|31,552|14,821|
00735|2017/07|23,859,358|1,816,761|13,120,230|21,366,590|1,001,812|11,522,816|18,795,833|791,315|9,009,377|
01649|2017/07|13,526,735|1,985,316|4,679,028|9,833,852|2,389,235|1,555,482|8,060,454|2,601,487|1,102,941|
08481|2017/07|333,228|49,164|105,200|338,511|48,258|122,730|342,315|40,508|129,770|
08462|2017/07|16,223|5,772|0|15,890|5,453|0|13,754|5,238|269|
00994|2017/07|338,897|19,501|45,991|438,408|13,804|77,711|376,914|13,706|52,394|
08257|2017/07|1,218,227|79,092|473,106|1,547,992|162,651|392,310|1,069,800|118,438|417,677|
08463|2017/07|9,940|5,318|0|8,679|4,609|57|
08297|2017/07|93,589|48,268|5,882|86,660|3,357|1,076|63,042|1,365|1,602|
06088|2017/07|2,614,699|526,788|384,818|2,266,396|497,975|339,337|2,505,367|533,343|445,999|
08405|2017/07|87,115|22,326|0|32,505|25,075|0|
06113|2017/07|26,188|4,774|3,541|21,737|2,588|787|22,142|4,889|980|
01962|2017/07|984,496|96,289|712,062|793,800|66,497|322,316|817,804|85,809|352,848|
01702|2017/07|1,787,682|168,443|902,533|1,868,212|222,211|947,444|2,009,132|98,510|881,683|
01695|2017/07|73,996|10,115|7,059|78,713|16,662|9,942|67,268|9,415|8,374|
01932|2017/07|1,201,165|318,206|114,732|1,210,434|443,779|165,361|1,296,476|463,699|145,252|
01826|2017/07|228,029|67,411|4,424|149,525|37,557|10,220|122,203|12,899|10,004|
08157|2017/07|49,729|8,608|0|56,645|7,027|0|53,085|13,271|0|
08469|2017/07|1,451,337|114,311|142,498|716,740|50,889|37,030|
08362|2017/06|113,296|11,329|28,294|123,737|6,795|31,320|
01571|2017/06|1,517,684|229,648|5,065|1,267,472|293,298|31,014|965,880|183,779|8,000|
08460|2017/06|65,856|5,521|15,703|52,984|13,077|11,062|31,304|1,520|3,924|
01631|2017/06|152,068|111,311|0|99,183|69,183|0|39,040|18,303|0|
01551|2017/06|660,951,115|237,934,771|9.76|582,807,200|216,779,764|19.95|466,607,619|180,720,304|0|
08420|2017/06|6,026|3,000|0|3,344|1,051|0|2,330|790|0|
01630|2017/06|234,510|38,940|27,527|141,043|40,209|8,302|134,861|20,504|789|
08446|2017/06|102,784|2,003|33,685|56,419|2,585|15,938|54,030|1,547|16,387|
06038|2017/06|163,655|69,693|10,205|168,745|119,308|7,985|134,310|60,835|11,902|
02269|2017/06|1,984,996|202,364|1,129,443|1,356,716|167,293|455,859|636,670|6,913|55,410|
01679|2017/06|355,134|144,822|0|407,256|148,109|0|308,373|143,123|9|
00804|2017/06|280,359|54,133|10,000|216,330|25,250|26,675|164,141|40,512|0|
08183|2017/05|68,258|44,514|20,833|83,609|26,844|8,900|126,910|35,890|35,477|
08431|2017/05|70,335|1,531|17,376|50,879|10,606|14,128|39,999|3,989|10,798|
08365|2017/05|42,477|8,314|0|58,664|11,313|0|10,401|6,014|0|
08452|2017/05|987,295|40,919|500,916|898,701|19,618|101,257|708,429|5,094|314,000|
03329|2017/05|10,179,283|504,054|5,866,461|8,796,350|859,692|3,779,294|6,373,317|317,654|2,207,703|
01655|2017/05|16,854|1,454|5,810|22,957|3,066|6,428|22,562|3,789|7,809|
06033|2017/05|494,573|47,972|157,177|566,995|20,884|214,874|595,265|32,193|322,710|
08252|2017/05|597,951|3,553|0|610,659|418|8,000|536,675|22,018|0|
01257|2017/05|7,463,547|992,140|1,968,327|5,566,926|1,067,708|1,156,929|3,560,487|573,547|571,705|
08410|2017/04|154,610|18,499|27,168|106,214|12,494|8,606|63,561|6,862|3,564|
02001|2017/04|2,012,598|231,534|578,628|1,216,693|102,979|450,996|1,114,034|299,170|417,795|
08409|2017/04|145,455|69,926|198|40,326|3,499|939|26,033|5,508|1,557|
08413|2017/04|55,717|15,219|2,515|38,727|5,926|0|29,427|921|0|
08309|2017/04|128,738|42,479|39,621|127,865|50,398|61,120|95,842|35,425|49,675|
08455|2017/04|37,831|12,104|750|36,453|2,449|1,052|33,822|6,402|555|
08347|2017/04|50,898|1,633|5,999|36,122|4,948|9,055|35,751|6,446|11,599|
02611|2017/04|411,749,042|29,722,487|253,392,662|454,342,387|31,370,439|308,467,326|319,302,454|20,171,647|239,750,177|
08412|2017/04|39,680|17,021|0|30,014|2,443|0|
01667|2017/04|247,148|16,988|63,087|171,572|12,044|38,320|150,130|6,466|32,202|
03768|2017/04|4,603,491|446,830|1,520,732|4,860,939|1,087,533|1,950,852|3,683,928|303,788|1,142,915|
02281|2017/03|2,659,137|531,569|685,283|2,059,228|289,309|490,920|1,433,324|170,159|389,314|
02017|2017/03|1,528,439|111,308|61,000|1,469,515|63,152|306,100|1,273,488|119,663|305,100|
01647|2017/03|63,997|45,306|3,337|32,651|14,900|3,681|27,302|9,478|5,315|
08439|2017/03|102,428|90,540|0|45,314|35,881|0|51,402|41,762|0|
01569|2017/03|2,223,870|602,322|139,486|2,009,468|352,218|119,645|2,300,837|375,021|0|
08442|2017/03|44,668|15,854|0|26,203|3,348|3,208|
08421|2017/03|195,416|71,416|39,643|139,366|22,410|55,380|128,356|20,041|69,911|
03869|2017/03|1,287,577|129,332|0|1,041,455|8|0|1,038,562|0|0|
08425|2017/03|122,065|80,202|18,294|47,861|19,906|15,674|33,500|8,992|6,984|
08423|2017/03|192,098|52,689|32,476|113,309|7,529|40,008|91,124|2,276|21,531|
08013|2017/03|42,694|5,753|18,422|40,420|8,693|13,370|
03395|2017/03|91,431|3,966|35,055|100,547|5,413|46,463|105,078|4,975|47,538|
01985|2017/03|424,188|271,824|0|345,401|108,037|0|402,827|112,666|0|
02293|2017/03|102,257|80,690|0|88,857|66,942|5,064|38,898|19,057|8,070|
06169|2017/02|2,028,408|304,986|315,000|1,956,007|212,339|502,000|1,817,072|259,440|20,000|
08188|2017/02|67,310|2,104|8,981|44,974|318|43|29,711|265|55|
01627|2017/02|1,594,651|1,084,818|2,549|1,577,109|412,457|194,976|
08417|2017/02|19,763|6,768|1,879|20,480|8,363|3,538|
08428|2017/02|52,318|25,686|0|41,584|24,818|0|
01989|2017/02|314,127|17,268|198,596|405,087|17,992|268,122|
02266|2017/02|284,684|11,978|106,041|217,159|2,941|46,965|114,526|2,995|22,571|
01660|2017/02|229,336|37,420|38,422|184,774|27,042|16,438|
03789|2017/02|260,489|21,043|42,826|162,834|17,410|19,144|
06068|2017/01|2,458,375|103,705|607,700|2,964,983|12,229|1,275,500|2,686,273|13,071|1,270,000|
08370|2017/01|161,908|27,632|30,000|167,671|19,981|30,000|197,828|34,124|30,000|
01518|2017/01|636,749|188,963|189,675|532,063|81,231|30,000|155,430|120,639|0|
08349|2017/01|69,967|5,258|20,000|69,188|14,716|20,000|85,848|10,578|40,000|
08341|2017/01|53,693|11,647|2,335|57,163|2,481|18,170|
08069|2017/01|95,659|71,622|611|92,218|54,516|616|
08415|2017/01|54,138|7,209|2,456|45,047|5,222|2,515|
06122|2017/01|191,471,297|60,286,350|29.71|141,953,334|46,477,430|39.08|81,855,342|33,417,037|57.23|
01575|2017/01|1,102,005|294,469|277,183|937,359|129,608|198,116|1,728,622|85,727|137,650|
01656|2017/01|216,847|38,683|13,651|207,510|39,096|14,784|190,009|37,493|13,650|
08432|2017/01|30,713|15,242|623|28,539|10,879|395|
08416|2017/01|59,888|20,301|808|83,194|22,574|7,397|90,000|15,571|0|
01536|2017/01|129,161|27,628|6,423|113,763|17,737|16,828|
08358|2017/01|84,112|32,700|0|68,612|36,355|0|
08221|2017/01|216,770|41,724|10,000|246,563|129,911|10,000|
08091|2017/01|42,008|26,773|1,017|43,318|24,642|2,454|
01637|2017/01|160,913|57,082|17,219|143,710|13,089|19,649|
08343|2016/12|176,663|577|14,700|110,905|7,670|8,000|129,354|7,986|17,000|
01596|2016/12|2,378,758|694,260|371,410|1,366,845|164,287|273,055|1,176,838|92,765|232,024|
01580|2016/12|426,603|127,690|85,023|235,874|9,006|50,812|289,671|2,759|73,152|
08353|2016/12|10,095|2,774|42|6,634|613|77|
08352|2016/12|123,605|60,828|4,010|71,654|19,985|3,770|39,475|4,749|6,140|
08342|2016/12|149,923|89,078|0|62,714|20,412|0|39,529|10,446|3,991|
08062|2016/12|25,905|4,163|8,972|25,531|2,595|9,887|
01357|2016/12|6,550,265|5,234,151|0|1,708,818|990,474|0|1,811,684|1,288,545|856,660|
08039|2016/12|13,342|7,130|0|16,543|376|0|
01617|2016/12|1,337,949|557,926|118,877|1,041,627|326,003|129,000|749,986|189,165|164,000|
08308|2016/12|1,144,930|158,772|464,971|1,008,945|87,088|479,024|899,378|32,834|340,724|
06066|2016/12|181,695,040|17,525,589|15,444,455|183,188,375|16,154,266|49,794,377|123,406,126|11,447,921|29,631,838|
08411|2016/12|62,459|46,219|0|54,794|1,910|0|44,566|8,160|0|
01581|2016/12|336,300|15,065|107,121|291,329|8,334|107,376|
01635|2016/12|17,009,889|3,417,733|4,220,295|14,180,566|1,553,052|3,526,884|11,932,759|1,565,381|2,710,260|
08278|2016/12|25,759|6,613|0|16,565|2,629|0|10,987|1,730|0|
08160|2016/12|20,756|13,730|0|13,273|8,370|0|
01632|2016/11|78,147|35,610|3,518|91,498|38,375|2,007|
06189|2016/11|1,346,009|99,148|246,400|1,333,078|147,049|208,000|
01629|2016/11|294,256|45,319|15,000|277,743|31,192|20,060|
01608|2016/11|2,756,217|418,191|965,871|1,596,406|216,201|535,184|
01611|2016/11|175,917|74,456|39,682|178,933|67,264|43,891|239,561|40,395|40,439|
01272|2016/11|13,978,827|1,476,908|4,387,340|10,345,164|1,083,648|3,447,910|
06163|2016/11|39,530|3,693|12,251|23,393|2,200|9,616|28,874|1,740|10,300|
08052|2016/11|44,832|20,962|0|35,153|14,301|0|
08427|2017/07|28,632|8,307|583|20,862|4,530|777|16,235|3,071|901|
01216|2017/07|433,071,439|158,547,291|18.43|305,890,694|133,876,081|27.49|202,247,005|105,007,244|0|
08291|2017/07|143,798|53,298|39,000|113,166|16,235|34,000|88,351|9,683|10,000|
08472|2017/07|151,815|13,704|78,946|163,374|24,666|95,327|
01676|2017/07|222,630|109,982|0|156,967|73,751|9,625|131,625|31,552|14,821|
00735|2017/07|23,859,358|1,816,761|13,120,230|21,366,590|1,001,812|11,522,816|18,795,833|791,315|9,009,377|
01649|2017/07|13,526,735|1,985,316|4,679,028|9,833,852|2,389,235|1,555,482|8,060,454|2,601,487|1,102,941|
08481|2017/07|333,228|49,164|105,200|338,511|48,258|122,730|342,315|40,508|129,770|
08462|2017/07|16,223|5,772|0|15,890|5,453|0|13,754|5,238|269|
00994|2017/07|338,897|19,501|45,991|438,408|13,804|77,711|376,914|13,706|52,394|
08257|2017/07|1,218,227|79,092|473,106|1,547,992|162,651|392,310|1,069,800|118,438|417,677|
08463|2017/07|9,940|5,318|0|8,679|4,609|57|
08297|2017/07|93,589|48,268|5,882|86,660|3,357|1,076|63,042|1,365|1,602|
06088|2017/07|2,614,699|526,788|384,818|2,266,396|497,975|339,337|2,505,367|533,343|445,999|
08405|2017/07|87,115|22,326|0|32,505|25,075|0|
06113|2017/07|26,188|4,774|3,541|21,737|2,588|787|22,142|4,889|980|
01962|2017/07|984,496|96,289|712,062|793,800|66,497|322,316|817,804|85,809|352,848|
01702|2017/07|1,787,682|168,443|902,533|1,868,212|222,211|947,444|2,009,132|98,510|881,683|
01695|2017/07|73,996|10,115|7,059|78,713|16,662|9,942|67,268|9,415|8,374|
01932|2017/07|1,201,165|318,206|114,732|1,210,434|443,779|165,361|1,296,476|463,699|145,252|
01826|2017/07|228,029|67,411|4,424|149,525|37,557|10,220|122,203|12,899|10,004|
08157|2017/07|49,729|8,608|0|56,645|7,027|0|53,085|13,271|0|
08469|2017/07|1,451,337|114,311|142,498|716,740|50,889|37,030|
08362|2017/06|113,296|11,329|28,294|123,737|6,795|31,320|
01571|2017/06|1,517,684|229,648|5,065|1,267,472|293,298|31,014|965,880|183,779|8,000|
08460|2017/06|65,856|5,521|15,703|52,984|13,077|11,062|31,304|1,520|3,924|
01631|2017/06|152,068|111,311|0|99,183|69,183|0|39,040|18,303|0|
01551|2017/06|660,951,115|237,934,771|9.76|582,807,200|216,779,764|19.95|466,607,619|180,720,304|0|
08420|2017/06|6,026|3,000|0|3,344|1,051|0|2,330|790|0|
01630|2017/06|234,510|38,940|27,527|141,043|40,209|8,302|134,861|20,504|789|
08446|2017/06|102,784|2,003|33,685|56,419|2,585|15,938|54,030|1,547|16,387|
06038|2017/06|163,655|69,693|10,205|168,745|119,308|7,985|134,310|60,835|11,902|
02269|2017/06|1,984,996|202,364|1,129,443|1,356,716|167,293|455,859|636,670|6,913|55,410|
01679|2017/06|355,134|144,822|0|407,256|148,109|0|308,373|143,123|9|
00804|2017/06|280,359|54,133|10,000|216,330|25,250|26,675|164,141|40,512|0|
08183|2017/05|68,258|44,514|20,833|83,609|26,844|8,900|126,910|35,890|35,477|
08431|2017/05|70,335|1,531|17,376|50,879|10,606|14,128|39,999|3,989|10,798|
08365|2017/05|42,477|8,314|0|58,664|11,313|0|10,401|6,014|0|
08452|2017/05|987,295|40,919|500,916|898,701|19,618|101,257|708,429|5,094|314,000|
03329|2017/05|10,179,283|504,054|5,866,461|8,796,350|859,692|3,779,294|6,373,317|317,654|2,207,703|
01655|2017/05|16,854|1,454|5,810|22,957|3,066|6,428|22,562|3,789|7,809|
06033|2017/05|494,573|47,972|157,177|566,995|20,884|214,874|595,265|32,193|322,710|
08252|2017/05|597,951|3,553|0|610,659|418|8,000|536,675|22,018|0|
01257|2017/05|7,463,547|992,140|1,968,327|5,566,926|1,067,708|1,156,929|3,560,487|573,547|571,705|
08410|2017/04|154,610|18,499|27,168|106,214|12,494|8,606|63,561|6,862|3,564|
02001|2017/04|2,012,598|231,534|578,628|1,216,693|102,979|450,996|1,114,034|299,170|417,795|
08409|2017/04|145,455|69,926|198|40,326|3,499|939|26,033|5,508|1,557|
08413|2017/04|55,717|15,219|2,515|38,727|5,926|0|29,427|921|0|
08309|2017/04|128,738|42,479|39,621|127,865|50,398|61,120|95,842|35,425|49,675|
08455|2017/04|37,831|12,104|750|36,453|2,449|1,052|33,822|6,402|555|
08347|2017/04|50,898|1,633|5,999|36,122|4,948|9,055|35,751|6,446|11,599|
02611|2017/04|411,749,042|29,722,487|253,392,662|454,342,387|31,370,439|308,467,326|319,302,454|20,171,647|239,750,177|
08412|2017/04|39,680|17,021|0|30,014|2,443|0|
01667|2017/04|247,148|16,988|63,087|171,572|12,044|38,320|150,130|6,466|32,202|
03768|2017/04|4,603,491|446,830|1,520,732|4,860,939|1,087,533|1,950,852|3,683,928|303,788|1,142,915|
02281|2017/03|2,659,137|531,569|685,283|2,059,228|289,309|490,920|1,433,324|170,159|389,314|
02017|2017/03|1,528,439|111,308|61,000|1,469,515|63,152|306,100|1,273,488|119,663|305,100|
01647|2017/03|63,997|45,306|3,337|32,651|14,900|3,681|27,302|9,478|5,315|
08439|2017/03|102,428|90,540|0|45,314|35,881|0|51,402|41,762|0|
01569|2017/03|2,223,870|602,322|139,486|2,009,468|352,218|119,645|2,300,837|375,021|0|
08442|2017/03|44,668|15,854|0|26,203|3,348|3,208|
08421|2017/03|195,416|71,416|39,643|139,366|22,410|55,380|128,356|20,041|69,911|
03869|2017/03|1,287,577|129,332|0|1,041,455|8|0|1,038,562|0|0|
08425|2017/03|122,065|80,202|18,294|47,861|19,906|15,674|33,500|8,992|6,984|
08423|2017/03|192,098|52,689|32,476|113,309|7,529|40,008|91,124|2,276|21,531|
08013|2017/03|42,694|5,753|18,422|40,420|8,693|13,370|
03395|2017/03|91,431|3,966|35,055|100,547|5,413|46,463|105,078|4,975|47,538|
01985|2017/03|424,188|271,824|0|345,401|108,037|0|402,827|112,666|0|
02293|2017/03|102,257|80,690|0|88,857|66,942|5,064|38,898|19,057|8,070|
06169|2017/02|2,028,408|304,986|315,000|1,956,007|212,339|502,000|1,817,072|259,440|20,000|
08188|2017/02|67,310|2,104|8,981|44,974|318|43|29,711|265|55|
01627|2017/02|1,594,651|1,084,818|2,549|1,577,109|412,457|194,976|
08417|2017/02|19,763|6,768|1,879|20,480|8,363|3,538|
08428|2017/02|52,318|25,686|0|41,584|24,818|0|
01989|2017/02|314,127|17,268|198,596|405,087|17,992|268,122|
02266|2017/02|284,684|11,978|106,041|217,159|2,941|46,965|114,526|2,995|22,571|
01660|2017/02|229,336|37,420|38,422|184,774|27,042|16,438|
03789|2017/02|260,489|21,043|42,826|162,834|17,410|19,144|
06068|2017/01|2,458,375|103,705|607,700|2,964,983|12,229|1,275,500|2,686,273|13,071|1,270,000|
08370|2017/01|161,908|27,632|30,000|167,671|19,981|30,000|197,828|34,124|30,000|
01518|2017/01|636,749|188,963|189,675|532,063|81,231|30,000|155,430|120,639|0|
08349|2017/01|69,967|5,258|20,000|69,188|14,716|20,000|85,848|10,578|40,000|
08341|2017/01|53,693|11,647|2,335|57,163|2,481|18,170|
08069|2017/01|95,659|71,622|611|92,218|54,516|616|
08415|2017/01|54,138|7,209|2,456|45,047|5,222|2,515|
06122|2017/01|191,471,297|60,286,350|29.71|141,953,334|46,477,430|39.08|81,855,342|33,417,037|57.23|
01575|2017/01|1,102,005|294,469|277,183|937,359|129,608|198,116|1,728,622|85,727|137,650|
01656|2017/01|216,847|38,683|13,651|207,510|39,096|14,784|190,009|37,493|13,650|
08432|2017/01|30,713|15,242|623|28,539|10,879|395|
08416|2017/01|59,888|20,301|808|83,194|22,574|7,397|90,000|15,571|0|
01536|2017/01|129,161|27,628|6,423|113,763|17,737|16,828|
08358|2017/01|84,112|32,700|0|68,612|36,355|0|
08221|2017/01|216,770|41,724|10,000|246,563|129,911|10,000|
08091|2017/01|42,008|26,773|1,017|43,318|24,642|2,454|
01637|2017/01|160,913|57,082|17,219|143,710|13,089|19,649|
08343|2016/12|176,663|577|14,700|110,905|7,670|8,000|129,354|7,986|17,000|
01596|2016/12|2,378,758|694,260|371,410|1,366,845|164,287|273,055|1,176,838|92,765|232,024|
01580|2016/12|426,603|127,690|85,023|235,874|9,006|50,812|289,671|2,759|73,152|
08353|2016/12|10,095|2,774|42|6,634|613|77|
08352|2016/12|123,605|60,828|4,010|71,654|19,985|3,770|39,475|4,749|6,140|
08342|2016/12|149,923|89,078|0|62,714|20,412|0|39,529|10,446|3,991|
08062|2016/12|25,905|4,163|8,972|25,531|2,595|9,887|
01357|2016/12|6,550,265|5,234,151|0|1,708,818|990,474|0|1,811,684|1,288,545|856,660|
08039|2016/12|13,342|7,130|0|16,543|376|0|
01617|2016/12|1,337,949|557,926|118,877|1,041,627|326,003|129,000|749,986|189,165|164,000|
08308|2016/12|1,144,930|158,772|464,971|1,008,945|87,088|479,024|899,378|32,834|340,724|
06066|2016/12|181,695,040|17,525,589|15,444,455|183,188,375|16,154,266|49,794,377|123,406,126|11,447,921|29,631,838|
08411|2016/12|62,459|46,219|0|54,794|1,910|0|44,566|8,160|0|
01581|2016/12|336,300|15,065|107,121|291,329|8,334|107,376|
01635|2016/12|17,009,889|3,417,733|4,220,295|14,180,566|1,553,052|3,526,884|11,932,759|1,565,381|2,710,260|
08278|2016/12|25,759|6,613|0|16,565|2,629|0|10,987|1,730|0|
08160|2016/12|20,756|13,730|0|13,273|8,370|0|
01632|2016/11|78,147|35,610|3,518|91,498|38,375|2,007|
06189|2016/11|1,346,009|99,148|246,400|1,333,078|147,049|208,000|
01629|2016/11|294,256|45,319|15,000|277,743|31,192|20,060|
01608|2016/11|2,756,217|418,191|965,871|1,596,406|216,201|535,184|
01611|2016/11|175,917|74,456|39,682|178,933|67,264|43,891|239,561|40,395|40,439|
01272|2016/11|13,978,827|1,476,908|4,387,340|10,345,164|1,083,648|3,447,910|
06163|2016/11|39,530|3,693|12,251|23,393|2,200|9,616|28,874|1,740|10,300|
08052|2016/11|44,832|20,962|0|35,153|14,301|0|
01633|2016/11|257,357|66,729|12,643|238,252|55,889|12,190|
03689|2016/11|1,105,920|154,424|446,341|1,885,024|49,444|1,391,419|
08283|2016/11|12,219|5,831|2,336|12,881|2,235|2,668|
01572|2016/11|364,720|292,837|0|161,388|64,059|0|
03686|2016/11|167,932|93,812|0|194,182|77,723|0|
01610|2016/11|7,437,771|215,613|3,331,258|8,028,566|2,174,875|3,488,225|
03306|2016/10|994,513|175,194|0|1,037,438|159,295|127,260|961,524|95,618|279,089|
08321|2016/10|46,094|16,918|0|38,793|21,527|0|
03320|2016/10|127,148,599|14,619,889|37,218,338|121,797,602|15,072,712|37,262,846|
01539|2016/10|189,416|29,076|25,497|118,713|27,735|449|
08407|2016/10|4,916,439|238,022|2,416,068|2,137,433|203,187|986,500|
08149|2016/10|497,025|53,813|160,448|442,565|31,282|121,074|
08320|2016/10|50,396|18,843|0|37,032|12,959|74|
01609|2016/10|221,602|67,744|55,740|151,224|21,667|37,726|
02113|2016/10|126,732|52,220|7,186|88,064|31,124|7,552|
01547|2016/10|303,743|70,435|2,028|202,656|86,743|3,626|
08240|2016/10|72,687|9,479|19,037|67,371|17,054|20,969|
08023|2016/10|41,136|14,172|0|31,804|16,917|0|
01460|2016/10|244,543|78,752|0|215,360|142,790|0|
08035|2016/10|76,772|5,556|995|73,622|20,153|2,555|
08231|2016/10|21,588|2,806|1,598|14,456|946|0|
02166|2016/10|125,358|10,496|36,889|73,492|7,592|18,104|
06099|2016/10|291,655,585|81,618,054|56,505,070|193,408,052|54,866,894|13,121,858|
06858|2016/10|20,068,774|1,947,485|1,707,554|17,610,448|2,451,596|500,000|
01526|2016/10|891,110|233,658|284,122|1,374,961|346,401|373,429|
01577|2016/09|747,679|42,558|100,000|740,822|43,542|136,000|
01658|2016/09|7,296,088|2,412,235|31.69|6,298,325|1,831,769|25.18|
01591|2016/09|107,264|29,617|13,926|81,516|4,154|115|
02633|2016/09|1,822,050|82,925|440,549|1,705,211|70,258|478,747|
03893|2016/09|48,443|11,235|0|49,086|30,046|0|55,867|23,027|92|
02031|2016/09|84,424|32,449|12,912|98,068|41,796|15,157|
01885|2016/09|660,419|159,612|76,027|521,342|202,079|58,000|
06178|2016/08|197,072,821|15,091,692|45,716,034|114,944,786|6,904,064|12,973,458|
01559|2016/08|349,973|173,879|72,556|313,792|132,470|73,860|
08300|2016/08|32,527|16,857|8,377|72,286|19,182|9,689|
08056|2016/08|171,099|25,722|0|188,661|57,407|0|
00436|2016/08|999,118|175,805|77,672|933,068|121,780|90,048|
06816|2016/07|375,312|91,133|23,458|253,869|26,357|30,492|
02278|2016/07|5,666,855|142,991|927,290|7,244,683|135,695|1,056,774|7,710,839|143,997|1,046,505|
08293|2016/07|13,262|8,287|296|6,612|1,031|982|5,698|667|828|
01589|2016/07|10,875,322|821,573|1,579,076|4,702,636|1,219,929|678,178|
02136|2016/07|13,829,990|2,291,965|1,041,574|13,277,549|2,077,991|684,513|
08333|2016/07|271,201|185,579|0|102,559|49,471|0|
01579|2016/07|589,364|235,216|186,667|285,637|9,222|0|
01612|2016/07|319,968|69,303|4,717|296,385|61,862|600|
01573|2016/07|1,390,558|31,895|723,200|1,238,295|37,591|541,500|
01523|2016/07|15,349|6,062|1,239|12,176|3,696|516|
01560|2016/07|1,145,568|5,718|506,391|665,817|21,168|222,946|
08360|2016/07|41,145|12,695|0|29,143|9,992|0|
02869|2016/07|1,641,885|926,677|180,000|1,302,315|494,956|100,000|
01586|2016/07|195,516|58,147|50,000|137,382|20,066|0|
08328|2016/07|78,550|25,252|0|67,085|6,112|0|
08232|2016/07|94,378|17,062|26,401|82,081|15,798|20,199|
01606|2016/07|155,695,092|6,313,850|116,329,280|140,365,938|6,010,711|106,477,347|
08229|2016/07|222,149|76,058|11,996|183,387|34,706|11,239|
08281|2016/07|244,021|25,344|30,000|218,306|24,618|39,000|
01583|2016/07|775,000|220,395|0|843,885|250,975|0|
03958|2016/07|207,897,562|11,828,582|71,327,717|107,530,123|5,140,843|26,807,859|
08292|2016/07|68,463|15,887|21,122|43,800|5,366|19,109|
01549|2016/07|156,055|57,416|3,301|183,604|48,386|4,071|
08102|2016/06|114,973|28,060|25,218|133,439|23,908|29,770|124,067|14,053|29,166|
08280|2016/06|804,709|187,444|75,309|713,036|150,954|8,900|
01420|2016/06|78,954|14,903|6,470|68,100|16,510|9,614|
02588|2016/06|12,473,905|506,832|8,688,625|11,403,174|367,404|8,161,619|
08161|2016/05|47,747|22,054|0|133,074|10,525|37,126|
08187|2016/05|90,058|5,510|28,211|76,701|6,809|31,544|
01585|2016/05|3,989,768|786,691|12,997|2,917,311|501,322|0|
08346|2016/05|119,762|25,242|960|107,718|28,703|0|
03626|2016/05|77,796|37,819|0|66,618|33,841|0|
08251|2016/04|67,009|24,041|0|47,775|23,312|0|36,712|13,805|0|
02738|2016/04|989,231|140,542|527,302|1,420,453|108,960|971,146|
08217|2016/04|111,364|13,826|13,444|93,085|5,900|22,051|
08319|2016/04|104,592|54,741|0|154,777|91,425|0|
01243|2016/04|4,075,669|475,831|1,893,721|5,858,080|242,239|2,340,237|
01982|2016/04|1,812,061|221,637|855,650|2,385,029|341,982|907,380|
08359|2016/04|72,008|9,179|11,292|33,680|7,203|2,343|33,412|4,585|2,109|
01496|2016/04|279,071|22,292|75,740|237,472|27,890|29,831|
01469|2016/04|5,148,670|1,143,837|435,000|3,677,001|153,092|208,490|
01570|2016/04|5,129,862|883,610|2,254,917|4,464,205|593,230|1,650,578|
01419|2016/04|231,920|109,248|0|154,130|91,416|0|
03638|2016/03|476,942|205,655|162,498|478,012|231,153|231,131|
08262|2016/03|197,644|42,961|5,000|165,783|31,267|7,200|
02239|2016/03|78,937|33,972|0|121,779|45,142|0|
01578|2016/03|565,667,731|179,624,810|7.91|478,859,079|166,461,335|15.49|
02016|2016/03|1,031,650,386|335,228,940|32.86|669,957,446|252,312,436|18.70|
08318|2016/03|230,296|84,937|14,611|183,946|5,874|62,316|116,802|16,668|43,263|
01557|2016/03|336,041|71,208|74,348|264,095|5,936|57,580|
02138|2016/03|1,155,563|856,718|0|467,667|131,885|0|
06833|2016/03|464,216|60,206|81,915|441,214|70,216|91,788|
02768|2016/03|13,943,758|884,903|6,136,660|12,663,153|106,116|4,844,146|
08070|2016/02|86,864|19,519|21,185|97,832|17,701|22,021|
08345|2016/02|45,878|19,365|0|25,908|14,619|0|
03963|2016/01|2,082,113|24,531|1,008,286|
01565|2016/01|2,613,275|248,600|1,335,021|2,595,550|109,850|1,350,648|
08282|2016/01|90,245|156|272|71,430|37,562|0|
03301|2016/01|34,796,870|3,838,723|16,372,563|31,534,761|1,399,373|17,258,800|
01459|2016/01|4,105,570|59,858|699,060|4,280,895|68,686|635,380|
08113|2016/01|328,460|54,443|50,865|254,466|53,429|27,941|
03773|2016/01|602,799|76,968|344,815|409,223|21,269|103,000|
03326|2016/01|354,588|41,209|0|553,822|49,340|121,835|
03678|2015/12|5,528,765|1,155,620|0|3,367,640|1,010,509|70,580|
01799|2015/12|25,229,293|4,148,396|7,828,128|18,763,327|1,814,753|7,830,025|
01548|2015/12|182,074|103,922|0|92,380|25,982|0|
08230|2015/12|446,308|80,205|72,380|324,046|1,893|56,000|250,914|25,097|31,500|
08331|2015/12|89,213|47,097|14,323|54,054|23,631|0|
08012|2015/12|95,143|54,553|25,000|57,450|10,240|0|66,761|22,432|0|
01558|2015/12|2,577,415|1,394,728|195,000|949,531|111,554|415,000|
01568|2015/12|2,980,976|895,433|254,564|2,613,283|394,435|118,819|
06196|2015/12|265,623,089|91,604,436|20.17|204,289,209|76,226,190|23.87|
01543|2015/12|2,171,054|1,126,812|135,584|1,852,328|1,098,649|167,983|
01197|2015/12|1,689,773|611,262|400,000|1,124,979|93,959|420,299|
01662|2015/12|349,130|130,401|35,043|
01786|2015/12|6,737,675|1,972,290|0|4,230,431|486,902|0|
03600|2015/12|2,679,452|949,049|645,771|1,631,782|167,545|356,695|
02289|2015/12|2,062,970|500,999|290,650|1,533,936|225,427|301,350|
01979|2015/12|1,326,303|203,366|205,573|1,169,578|109,224|102,897|
01447|2015/12|1,519,325|317,131|155,000|1,359,431|262,272|0|
03996|2015/12|260,597,922|48,250,759|75,423,622|218,885,135|30,651,105|60,005,821|
00331|2015/12|1,651,592|612,526|0|1,931,239|734,237|0|
01341|2015/12|464,130|57,702|113,438|
08196|2015/12|227,072|111,792|15,000|127,238|17,532|0|
00416|2015/12|361,659,913|97,313,206|12.44|250,692,720|86,548,794|12.80|175,513,850|76,728,790|24.19|
03866|2015/12|187,235,254|70,655,221|15.36|156,165,941|61,248,341|13.20|
01492|2015/12|3,211,145|334,669|909,701|2,258,504|150,492|602,456|
01561|2015/12|684,209|200,425|0|573,522|80,170|2,535|
00722|2015/11|249,645|84,496|0|231,591|54,202|0|
06865|2015/11|4,104,200|141,220|900,103|
01538|2015/11|279,044|65,618|12,000|
03799|2015/11|6,945,699|635,056|0|
02120|2015/11|372,339|37,271|0|
00932|2015/11|209,743|109,001|3,731|
08368|2015/11|42,517|19,681|650|
01452|2015/11|243,567|48,961|0|
08182|2015/11|142,083|21,778|60,000|123,277|21,063|65,040|
01556|2015/11|879,385|167,009|0|
03908|2015/11|52,700,113|3,418,342|6,439,204|
01495|2015/11|308,383|64,528|83,804|
08366|2015/11|74,924|22,754|5,000|55,747|2,549|0|
02799|2015/10|600,521,142|92,206,882|287,967,339|
01389|2015/10|147,146|32,949|15,669|
01508|2015/10|189,675,178|7,904,122|0|
02669|2015/10|1,941,123|1,088,601|19,064|
01532|2015/10|237,056|44,808|64,677|
01533|2015/10|1,201,489|242,202|454,012|
01476|2015/10|21,817,518|1,859,849|2,700,000|
01527|2015/10|909,222|19,473|173,000|
08327|2015/10|137,575|16,274|350|61,048|6,162|0|
08122|2015/10|126,869|58,622|956|86,479|37,922|1,749|
08141|2015/10|147,440|15,818|22,787|99,147|19,574|13,461|
08290|2015/10|119,734|11,865|45,908|
08057|2015/10|75,890|28,022|0|
01970|2015/10|151,176|48,320|0|
02199|2015/10|3,129,637|267,224|1,240,302|
08127|2015/10|46,693|29,366|0|45,796|7,003|320|
08248|2015/09|122,203|12,899|10,004|95,237|5,597|12,607|
08245|2015/09|150,878|36,703|49,729|
02086|2015/09|187,387|35,671|35,336|
08369|2015/09|118,672|34,651|8,149|72,730|9,548|9,686|
08177|2015/09|39,040|18,303|0|52,068|21,817|0|20,744|747|0|
00974|2015/09|386,912|25,761|57,000|
01683|2015/09|164,209|130,565|0|
00863|2015/09|513,255|109,624|20,000|
01499|2015/09|175,934|22,543|25,690|
01483|2015/08|193,903|38,370|25,333|
01718|2015/08|272,320|74,956|12,398|
08316|2015/08|74,716|6,425|12,444|
03969|2015/08|28,576,548|6,345,708|317,558|
03966|2015/08|133,632|21,758|0|
01486|2015/08|339,702|58,078|1,022|
06896|2015/07|568,026|149,289|94,780|
03737|2015/07|297,924|58,004|15,000|
08027|2015/07|9,463|5,674|247|
08361|2015/07|41,630|9,618|0|36,336|10,932|0|
02666|2015/07|16,385,316|453,569|11,408,252|
01498|2015/07|420,310|46,736|182,692|
01509|2015/07|384,821|72,063|0|457,447|10,752|0|
06836|2015/07|194,815|31,595|33,000|
00799|2015/07|217,574|181,088|0|
01461|2015/07|5,527,807|2,683,267|0|
06878|2015/07|651,855|252,791|0|
02699|2015/07|5,552,555|58,702|1,400,000|
01456|2015/07|20,448,835|950,417|13,019,880|
02286|2015/07|4,450,076|434,395|627,000|
03839|2015/07|206,836|16,985|18,272|
01986|2015/07|704,488|95,471|81,000|
02193|2015/07|215,456|105,371|4,846|
03882|2015/07|921,009|194,168|164,826|
03396|2015/06|289,001,516|41,983,213|76,797,445|
06133|2015/06|540,429|10,975|0|
01528|2015/06|71,917,892|3,664,860|15,219,755|
02686|2015/06|3,494,872|1,099,673|362,280|
00574|2015/06|713,992|141,239|50,000|
06183|2015/06|813,312|336,519|18,000|
06108|2015/06|329,734|150,942|0|
08097|2015/06|164,141|40,512|0|153,999|14,815|0|
01530|2015/06|2,306,441|362,170|617,429|
08038|2015/06|352,509|17,168|156,344|364,047|10,175|166,882|
01113|2015/06|180,911|3,361|30,116|
06886|2015/06|272,226,036|36,001,627|47,771,052|
01520|2015/06|210,034|69,663|3,131|
08121|2015/05|77,952|13,405|16|
08355|2015/05|98,879|14,831|54,868|
06839|2015/05|5,019,939|612,649|1,139,315|
01301|2015/05|590,600|35,182|162,546|
01470|2015/05|173,738|22,010|77,158|152,570|20,337|14,821|
08133|2015/04|50,446|5,685|6,305|
06826|2015/04|751,903|187,187|0|
01500|2015/04|289,631|70,158|11,988|
01776|2015/04|240,099,776|18,203,433|60,976,310|
01245|2015/04|50,977|11,766|21,115|
03606|2015/03|16,890,937|499,072|4,548,185|
01415|2015/03|505,851|101,349|91,939|
08305|2015/03|56,726|3,764|14,215|
08105|2015/03|124,798|1,689|65,692|
01468|2015/03|521,935|136,655|155,514|
08140|2015/03|50,030|21,093|457|
00001|2015/03|457,941|33,179|37,874|
01566|2015/03|714,868|339,017|0|
01310|2015/03|5,719,425|435,630|2,994,058|
01858|2015/03|239,856|63,563|0|
01430|2015/03|967,274|129,890|120,173|
00442|2015/03|802,142|126,468|294,564|
08277|2015/02|150,664|65,212|34,285|
08238|2015/02|46,458|26,557|29,925|
01027|2015/02|476,459|150,100|146,528|
08093|2015/02|33,893|15,133|0|
01327|2015/01|532,620|82,763|26,050|
08139|2015/01|176,657|17,326|90,549|
08067|2015/01|912,392|50,563|0|
06822|2015/01|432,819|146,106|10,268|
06161|2015/01|949,717|487,516|0|
01993|2015/01|992,386|410,734|120,183|
01362|2015/01|153,448|51,674|5,000|
03708|2015/01|336,547|71,814|13,972|
06866|2015/01|1,177,417|24,488|175,000|
02212|2015/01|66,747|2,593|1,195|
01326|2015/01|311,864|47,806|0|
08268|2015/01|190,922|60,486|20,761|
01673|2015/01|380,414|92,816|22,000|
08267|2014/12|1,260,240|1,086,532|0|
01035|2014/12|598,898|195,821|0|
02277|2014/12|368,924|117,941|21,475|
02066|2014/12|503,370,514|155,946,864|18.54|
01381|2014/12|3,767,416|1,454,936|1,028,686|
03699|2014/12|941,166|54,465|125,900|
01958|2014/12|109,858,655|22,967,006|29,918,248|
08307|2014/12|58,323|48,023|0|
01438|2014/12|610,108|271,620|56,949|296,154|26,558|30,335|277,151|27,993|39,008|262,307|29,144|51,615|
00520|2014/12|1,682,150|1,122,782|0|
01669|2014/12|899,399|198,126|309,278|
06869|2014/12|6,591,116|2,010,953|2,484,107|
01816|2014/12|220,888,499|29,051,724|117,885,937|
01480|2014/12|772,814|176,017|158,118|
08170|2014/12|68,222|7,724|6,029|
01022|2014/12|1,227,319|545,511|0|
01478|2014/12|2,302,533|803,023|712,679|
06882|2014/11|474,570|346,417|0|
01317|2014/11|2,007,705|384,332|223,500|
01305|2014/11|1,608,925|388,579|354,154|
01443|2014/11|1,248,645|704,871|51,782|
01289|2014/11|818,720|249,680|75,250|
06118|2014/11|869,390|386,793|35,000|
01466|2014/10|358,494|76,486|45,200|
06893|2014/10|362,114|264,393|0|
03822|2014/10|986,220|185,061|325,933|
01462|2014/10|284,046|96,491|57,833|
01347|2014/10|1,990,069|649,356|264,721|
08363|2014/10|84,238|61,234|743|
08195|2014/10|190,335|21,863|38,843|
02280|2014/10|3,250,155|1,321,989|695,774|
06116|2014/10|5,731,067|1,983,384|641,266|
01811|2014/10|2,486,934|438,903|1,389,574|
08222|2014/09|60,820|22,153|0|
01395|2014/09|437,796|99,064|18,341|
01285|2014/09|630,859|298,198|0|
02221|2014/09|419,878|57,088|118,645|
00699|2014/09|9,842,319|1,352,435|3,610,689|
924|2019/07|24,927|5,998|0|32,899|18,004|354|30,988|21,702|234|
3798|2019/07|296,717|218,195|0|217,621|150,984|0|67,301|22,591|0|
1901|2019/06|284,386|62,741|110,000|214,287|80,481|50,000|133,257|35,675|9,900|
1930|2019/06|305,908|14,112|0|270,382|33,631|27,219|182,057|19,381|3,819|
1943|2019/06|203,007|36,126|30,613|201,766|63,716|33,019|143,263|57,858|25,332|96,786|11,901|3,193|
1286|2019/06|5,567,987|237,738|1,930,316|5,334,145|245,361|1,893,861|4,607,389|191,372|1,909,246|
1701|2019/06|278,008|13,057|111,221|211,713|30,901|70,292|241,995|73,270|104,771|
1842|2019/06|427,977|43,642|126,038|393,911|41,494|107,099|398,100|40,182|100,759|
1909|2019/06|213,271|136,783|0|129,304|88,534|0|103,190|80,106|0|45,878|19,365|0|25,908|14,619|0|
1849|2019/06|13,576|3,724|2,354|11,693|2,332|2,460|10,111|1,444|2,555|
1951|2019/06|6,558,308|1,184,190|0|1,738,008|449,495|0|755,407|190,703|0|
1861|2019/06|420,661|147,422|75,000|402,912|105,196|3,602|382,519|108,307|21,521|
1769|2019/06|480,828|47,700|42,759|395,554|24,661|69,780|215,601|2,980|44,824|
6117|2019/06|1,717,548|55,491|0|1,762,771|66,459|158,867|1,826,381|68,767|288,520|
1935|2019/06|1,870,338|457,208|89,000|1,677,411|303,214|0|1,317,203|226,659|1,000|
3877|2019/06|29,310,059|2,816,074|23,006,502|32,118,162|2,215,269|25,279,822|31,512,092|3,739,402|25,120,033|
3692|2019/06|8,414,371|964,831|0|5,874,048|266,444|0|4,820,951|208,699|0|
6811|2019/06|1,399,207|242,162|537,159|1,734,387|164,682|1,019,178|2,246,800|152,491|889,638|
2189|2019/06|74,412|48,092|23,438|89,131|30,551|26,718|58,768|16,595|8,538|51,222|17,974|14,474|
6055|2019/06|2,138,561|650,995|0|4,241,425|2,177,341|0|4,360,244|1,888,854|0|
667|2019/06|2,815,535|986,293|0|3,518,325|2,034,750|0|2,648,144|1,738,599|0|
1905|2019/06|82,111,381|4,283,957|58,450,264|60,688,802|2,597,341|40,852,196|45,980,556|869,917|29,454,935|
2181|2019/05|473,222|198,717|105,000|289,142|76,443|75,000|
1521|2019/05|77,464|16,321|8,842|57,191|4,339|10,670|42,639|3,254|9,441|
3868|2019/05|8,395,654|421,263|1,687,200|9,216,969|472,243|2,714,837|8,344,731|468,066|3,069,249|
2060|2019/05|2,521,725|193,054|730,994|1,920,691|124,291|483,437|1,732,034|224,510|387,437|
1817|2019/05|3,176,976|687,497|1,516,943|2,962,967|606,677|1,564,624|2,446,731|511,170|136,305|
2230|2019/05|483,126|163,754|0|426,053|169,067|0|348,823|128,680|0|253,565|89,162|0|
2346|2019/05|328,882|56,071|73,888|372,596|48,377|88,000|351,459|44,306|107,201|
1832|2019/05|75,887|4,792|0|73,782|6,873|5,000|66,301|4,897|0|
1903|2019/05|399,658|47,199|4,170|407,984|19,956|5,660|204,430|11,411|1,885|
1873|2019/05|529,339|163,599|2,362|202,402|37,788|14,945|101,821|13,425|3,506|
1867|2019/05|153,758|31,637|24,198|150,003|43,104|24,332|104,307|39,264|6,483|54,138|7,209|2,456|45,047|5,222|2,515|
1857|2019/05|19,584,389|2,275,623|7,600,776|18,047,919|2,799,817|6,631,752|14,081,232|1,902,741|4,887,498|
1753|2019/05|891,950|281,565|0|363,473|90,790|0|71,628|20,852|0|
8635|2019/05|71,797|10,405|11,950|66,673|14,647|12,417|44,083|28,441|0|
1780|2019/04|196,789|82,384|0|189,827|51,382|0|224,480|105,224|0|192,107|85,705|103|
6806|2019/04|347,725,035|25,286,414|174,377,209|299,943,298|22,374,696|155,198,449|275,489,263|23,260,086|158,801,201|
1906|2019/04|536,999|42,314|253,093|488,176|42,368|248,662|491,428|76,001|224,113|
1545|2019/04|65,751|15,469|186|54,117|20,891|53|49,932|17,549|457|
3321|2019/04|111,832|13,550|2,575|139,404|17,232|5,137|79,114|6,770|0|53,289|12,968|0|
2660|2019/04|334,382|11,052|0|327,584|9,342|7,600|256,270|10,060|8,000|
2718|2019/04|9,532,161|816,173|6,685,347|6,292,416|277,497|4,020,000|4,054,940|244,159|3,232,885|
6185|2019/03|795,875|57,381|150,000|866,364|19,987|108,333|326,173|52,548|69,329|
1797|2019/03|1,420,570|709,448|0|1,148,006|42,376|0|942,481|76,535|0|
8537|2019/03|157,471|78,173|41,377|138,196|24,526|49,380|144,363|19,397|41,873|
6819|2019/03|67,965|33,248|42,421|71,832|24,682|500|68,849|42,648|9,100|60,324|44,407|10,387|
1865|2019/03|49,846|19,943|4,019|29,230|6,153|619|28,354|5,570|2,284|29,745|3,951|4,288|
1854|2019/03|150,736|24,702|26,650|130,688|16,133|17,899|112,911|68,924|18,765|72,687|9,479|19,037|67,371|17,054|20,969|
1897|2019/03|672,059|304,648|0|383,118|40,646|0|410,785|47,055|164,171|167,459|47,814|15,465|
3662|2019/03|503,046|200,331|1,779|570,879|164,373|0|330,278|83,396|0|181,122|52,029|0|
2682|2019/03|208,497|116,983|0|113,928|39,744|608|110,579|25,980|6,901|84,598|17,261|5,321|
3316|2019/03|551,095|489,650|0|389,389|336,753|0|232,192|188,319|0|122,371|87,264|0|
8096|2019/03|110,995|84,535|3,395|42,354|17,029|2,321|36,699|11,553|4,680|
1907|2019/03|22,602,109|4,212,334|8,914,769|21,839,051|15,196,951|9,836,788|21,139,723|3,401,930|10,829,692|16,653,190|2,841,126|7,545,649|
1563|2019/03|4,212,270|418,043|3,069,580|4,763,490|425,847|3,626,527|4,205,669|507,673|1,939,261|3,523,842|273,506|2,071,936|
1891|2019/03|155,487|10,804|10,712|159,154|21,243|12,512|128,098|10,045|13,277|124,512|11,257|16,628|
1917|2019/03|312,579|132,912|0|159,005|21,375|0|112,131|17,735|0|97,112|52,912|0|
1158|2019/03|1,546,845|435,688|190,500|1,312,651|424,109|165,000|1,252,985|248,564|354,000|1,134,853|198,785|310,000|
150|2019/03|333,275|62,450|26,990|199,942|60,462|5,196|146,858|72,932|5,013|72,008|9,179|11,292|33,680|7,203|2,343|
2108|2019/03|95,519|4,926|51,392|96,743|6,430|52,800|89,238|4,950|49,260|71,977|5,235|35,467|
1902|2019/03|25,539,575|1,719,442|10,191,404|15,904,697|1,309,928|5,660,097|14,047,568|603,792|4,375,766|9,644,414|546,719|2,797,988|
1872|2019/02|100,461|7,855|34,558|80,412|4,844|34,003|72,780|2,923|33,014|
1025|2019/02|124,458|21,622|56,816|108,857|1,682|42,757|85,856|3,817|25,302|
1793|2019/02|337,732|86,746|0|376,749|73,753|26,000|211,532|73,411|15,074|
8607|2019/02|253,590|5,611|113,751|258,024|5,062|135,943|274,144|0|127,012|
2616|2019/02|1,632,118|1,462,552|0|564,280|83,390|0|826,139|59,539|0|
2019|2019/02|49,609,447|7,488,206|12,131,040|35,417,221|4,115,217|10,135,674|21,178,677|1,422,636|8,122,641|15,882,662|1,235,155|4,563,247|
8036|2019/02|36,388|23,971|0|32,691|24,038|0|22,860|14,902|0|
1827|2019/02|223,371|162,206|0|170,623|138,697|0|84,112|32,700|0|68,612|36,355|0|
1703|2019/02|284,671|109,151|58,334|284,791|112,745|81,030|267,565|120,125|41,489|
1850|2019/02|164,711|32,481|101|145,455|69,926|198|40,326|3,499|939|26,033|5,508|1,557|
1896|2019/02|9,076,398|1,536,456|600,000|9,038,791|1,170,130|0|1,567,925|1,102,226|381,862|628,160|63,749|0|
1890|2019/01|2,330,249|432,921|442,700|2,008,148|369,058|355,000|1,661,222|86,279|282,300|1,231,955|82,951|170,000|
1851|2019/01|547,539|114,814|104,648|471,646|75,965|9,181|430,726|66,531|22,612|406,941|64,675|42,539|
6162|2019/01|338,993|33,385|52,808|311,920|38,665|93,088|306,788|13,300|48,500|249,359|7,742|38,500|
2013|2019/01|1,080,747|127,585|80,000|466,748|21,529|0|300,675|28,956|0|98,743|8,630|0|
1785|2019/01|5,194,176|958,615|1,553,500|4,914,078|1,139,951|1,455,500|4,467,187|1,501,380|1,611,409|6,152,507|1,201,749|3,854,821|
1767|2019/01|46,047|4,025|4,975|44,378|3,477|1,590|40,360|2,057|3,740|40,855|593|5,729|
2885|2019/01|256,446|52,916|0|304,699|40,621|0|272,861|69,924|0|253,913|29,803|0|
2360|2019/01|215,898|37,809|67,555|178,962|24,243|87,855|113,655|8,841|44,088|
1841|2019/01|165,610|100,728|0|121,287|65,950|0|67,009|24,041|0|47,775|23,312|0|
8631|2019/01|25,131|3,156|5,880|23,011|1,470|3,895|14,108|4,049|3,762|
1743|2019/01|1,150,714|287,640|69,650|957,598|166,473|59,900|729,395|158,006|78,100|626,181|108,371|85,400|
6058|2019/01|23,343,840|1,517,227|10,457,810|17,053,775|1,181,371|6,671,019|13,398,147|972,890|4,320,097|4,916,439|238,022|2,416,068|2,137,433|203,187|986,500|
1845|2019/01|469,735|49,882|10,000|253,053|77,834|11,000|90,842|8,063|0|63,904|12,186|0|
1796|2018/12|160,607|26,766|33,604|148,139|30,160|30,822|120,044|11,733|16,042|
1759|2018/12|721,916|239,575|275,233|590,595|157,501|138,000|550,326|220,707|190,000|448,540|162,283|50,000|
1713|2018/12|4,381,192|801,970|764,338|3,926,768|395,811|893,205|4,040,162|275,780|1,190,779|4,448,752|552,834|1,519,468|
3978|2018/12|1,439,622|470,388|0|1,038,993|162,150|0|974,540|525,351|0|920,152|512,279|125,411|
1877|2018/12|4,257,310|2,763,570|570,395|1,219,709|293,259|0|1,149,030|115,437|20|
1820|2018/12|1,666,359|475,061|522,434|1,109,623|85,947|350,172|1,035,892|204,393|365,670|810,175|105,941|215,453|
1762|2018/12|1,312,934|337,753|146,000|325,711|11,490|336,599|36,145|8,157|96,084|39,533|13,495|9,427|
2892|2018/12|3,780,223|1,593,439|548,414|1,884,390|121,691|299,317|2,027,404|260,947|0|1,851,698|114,310|62,369|
1675|2018/12|7,997,378|2,302,937|1,915,484|8,262,184|1,987,677|1,747,337|8,418,207|2,106,890|2,276,987|7,346,633|1,639,909|1,447,792|
1995|2018/12|1,492,860|1,170,091|9,281|702,356|438,220|0|495,787|252,479|0|383,088|184,222|0|
1983|2018/12|82,549,815|30,486,354|61.87|70,879,436|18,833,833|33.02|53,280,661|14,159,076|45.92|31,763,629|9,703,381|0|
1992|2018/12|29,532,341|2,162,789|7,975,363|29,329,830|1,630,173|7,474,913|19,634,349|1,597,682|6,481,227|16,315,644|525,255|5,046,478|
8622|2018/12|83,434|54,797|0|48,422|19,811|0|37,448|15,914|950|27,488|6,093|1,550|
2359|2018/12|22,667,202|5,760,604|135,000|12,580,447|2,770,078|1,618,189|10,590,683|3,193,883|489,385|9,686,431|1,781,745|172,000|
2798|2018/12|1,399,101|351,182|208,617|1,093,372|33,169|191,016|797,997|35,457|84,031|784,101|2,287|139,416|
8621|2018/12|330,056|53,231|40,573|279,294|4,230|77,640|355,827|6,645|120,742|
1837|2018/12|1,401,276|629,913|70,096|868,281|227,119|222,287|690,041|91,171|404,418|557,924|59,067|377,089|
1860|2018/12|406,171|69,619|16,697|319,652|92,415|40,443|212,100|72,005|5,710|70,049|8,968|9,948|
3992|2018/12|250,290|43,649|43,110|225,168|43,800|51,766|188,997|29,081|41,802|
3668|2018/12|12,408|1,031|4,124|12,313|207|4,699|7,660|190|4,950|7,870|154|4,732|
2168|2018/12|1,054,261|708,672|0|1,191,574|115,172|325,000|1,190,575|45,447|480,000|540,740|26,723|0|
1119|2018/12|5,618,071|1,121,641|1,114,162|2,772,325|612,875|1,000,088|2,019,209|551,176|336,867|1,271,514|178,672|117,973|
1790|2018/11|1,775,041|136,721|768,457|1,484,137|80,214|714,553|1,470,746|37,972|734,840|
1782|2018/11|171,740|74,533|0|149,923|89,078|0|62,714|20,412|0|39,529|10,446|3,991|
1761|2018/11|1,197,359|204,783|0|3,888,772|206,021|0|1,013,113|114,890|932,800|
780|2018/11|2,768,010|872,289|6,539,644|2,305,809|492,905|6,398,631|2,256,797|856,883|0|
6890|2018/11|1,315,754|41,302|306,989|1,210,619|39,890|182,530|1,233,456|145,244|351,725|
2258|2018/11|1,771,935|130,288|0|1,611,983|30,854|0|1,543,520|20,545|0|
1835|2018/11|282,881|41,657|0|177,100|93,739|0|105,613|10,094|0|
3616|2018/11|4,689,261|220,534|1,861,472|4,265,550|170,676|2,315,890|4,329,205|85,140|2,104,009|
8259|2018/11|65,569|3,466|8,680|53,647|1,254|11,499|
1755|2018/11|813,573|633,456|0|595,489|442,922|0|364,510|119,869|60,082|
1712|2018/11|50,349|6,609|0|50,432|15,407|0|51,292|13,896|0|
1801|2018/10|2,457,216|510,471|510,000|2,815,800|1,012,991|500,000|
1034|2018/10|217,241|27,754|28,351|117,066|20,062|19|97,269|4,735|247|
8611|2018/10|25,908|3,539|1,079|12,847|634|1,145|
1825|2018/10|364,490|66,536|197,176|412,184|47,140|149,045|273,013|27,477|69,514|
1653|2018/10|309,269|6,308|136,834|270,259|19,692|126,536|294,389|2,118|175,206|258,489|5,595|141,999|
8613|2018/10|87,957|23,627|0|38,902|15,766|0|41,596|12,755|0|
1741|2018/10|247,643|88,167|2,212|211,229|101,248|37|206,299|94,372|98|144,182|29,791|156|
8603|2018/10|115,237|29,870|23,294|110,687|9,740|28,435|
8516|2018/10|61,241|842|3,174|41,735|1,294|1,139|28,431|2,448|1,671|
8042|2018/10|39,382|20,679|10,000|12,308|4,857|0|
1894|2018/10|117,682|28,603|2,370|144,390|31,387|3,928|123,837|25,384|3,602|
3990|2018/10|112,978,899|23,791,021|38,254,948|57,888,411|5,027,729|24,359,053|34,745,172|2,683,065|11,453,595|
6111|2018/10|15,277,423|603,233|5,987,270|12,590,252|295,864|3,258,573|9,419,686|239,140|4,091,530|
1772|2018/10|7,999,100|2,237,200|2,229,246|4,282,003|197,751|594,635|2,597,012|180,733|284,697|
1939|2018/10|570,336|70,382|49,325|374,060|214,204|29,710|316,165|192,486|31,854|
1809|2018/10|3,975,987|808,297|306,075|3,750,723|749,021|0|3,143,073|202,030|126,031|
1736|2018/10|398,131|221,152|0|370,846|230,447|2,000|326,484|247,795|10,000|41,630|9,618|0|
1540|2018/10|52,825|25,673|255|46,854|17,519|90|50,151|11,459|151|
1781|2018/10|366,611|216,967|182,326|359,672|210,625|210,376|405,712|103,089|255,696|358,364|63,716|256,448|
8017|2018/09|35,939|8,087|0|32,930|12,648|0|17,747|3,339|0|
1787|2018/09|43,131,721|2,552,558|10,974,926|29,366,421|1,303,650|4,407,091|26,096,421|606,752|4,137,502|
1911|2018/09|741,911|450,332|412,651|369,003|202,828|226,417|287,327|157,456|189,839|
1723|2018/09|75,484|28,136|0|79,836|6,896|0|70,828|5,761|18,866|
6862|2018/09|3,735,825|329,689|357,220|2,749,523|443,089|578,562|2,406,618|159,234|414,391|
1748|2018/09|164,033|3,860|77,168|110,733|3,666|58,581|70,250|1,067|27,769|
3690|2018/09|83,634,163|23,867,600|162,000|51,716,560|9,701,862|1,000|42,889,847|16,806,828|0|
8619|2018/09|46,498|6,633|8,875|36,183|609|3,118|41,138|164|14,893|
2680|2018/09|131,847|56,105|8,130|45,669|28,838|0|22,949|15,110|0|
2552|2018/09|245,784|172,733|0|226,732|192,901|0|
8601|2018/09|42,174|8,355|0|37,166|9,149|0|
1969|2018/09|2,075,145|544,620|952,106|1,783,708|367,344|1,032,329|1,591,817|371,710|901,777|1,435,768|233,185|1,211,993|
1615|2018/09|253,351|121,790|0|577,003|137,656|41,353|535,274|62,555|31,375|505,424|135,341|93,736|
8609|2018/09|25,022|1,053|9,118|22,875|2,167|5,003|20,009|575|4,564|
8482|2018/09|55,028|7,044|2,362|62,000|6,778|3,110|20,238|1,919|417|
1869|2018/09|198,918|78,495|14,230|174,361|97,587|19,919|114,973|28,060|25,218|133,439|23,908|29,770|
8210|2018/08|56,898|21,361|758|48,026|22,193|0|39,148|12,000|0|
1783|2018/08|187,080|24,696|8,608|98,560|36,165|13,605|102,570|19,850|9,902|
1725|2018/08|182,915|53,134|5,000|167,609|22,731|12,326|140,739|29,516|20,628|
8475|2018/08|7,156|1,371|1,065|4,948|268|538|
6160|2018/08|1,034,198|239,602|164,715|405,813|87,514|17,284|
788|2018/08|322,643|7,852|139,053|311,668|17,249|49,533|269,138|13,653|23,884|
1765|2018/08|5,594,772|181,332|1,879,447|4,601,824|299,498|845,268|3,791,810|122,719|989,732|
1672|2018/08|991,254|611,475|0|536,265|418,973|0|
1758|2018/07|701,368|332,531|3,599|712,226|373,579|7,349|1,007,092|77,870|88,695|
2048|2018/07|6,339,924|1,922,554|450,000|4,288,328|1,038,569|390,000|2,750,594|466,256|450,000|
8512|2018/07|105,404|8,382|32,163|93,620|16,395|35,415|81,897|14,927|29,927|
1576|2018/07|3,637,886|415,835|825,000|3,831,325|367,549|1,300,000|3,688,740|55,613|1,515,000|
8525|2018/07|657,782|25,762|340,000|621,899|173,220|280,000|
8547|2018/07|156,447|51,046|0|154,817|46,705|0|
797|2018/07|917,462|292,516|159,751|904,951|47,854|188,252|707,525|51,794|145,885|
3302|2018/07|99,338|13,657|0|86,064|21,820|86|83,176|13,248|986|
8540|2018/07|411,329|8,999|47,500|235,884|8,195|57,000|
8606|2018/07|115,340|34,676|0|85,579|26,989|0|72,496|29,226|0|
1968|2018/07|604,047|153,957|82,989|677,889|111,428|38,755|603,521|126,046|36,711|
1715|2018/07|181,653|61,585|40,000|120,221|19,279|26,511|126,638|33,121|17,096|
1721|2018/07|27,524|7,540|3,170|23,820|9,652|1,319|22,340|7,784|2,135|
2051|2018/07|7,725,042|2,665,937|1,643,253|4,085,519|2,402,293|193,000|496,850|301,847|20,000|
1775|2018/07|248,942|167,614|0|122,762|53,903|0|163,755|67,860|0|125,002|34,401|0|
1731|2018/07|199,941|71,321|0|172,350|45,719|0|165,415|43,953|6,000|
6860|2018/07|925,089|573,761|0|587,107|212,817|0|212,408|24,077|0|
3700|2018/07|2,654,070|2,191,577|14,090|1,868,268|1,410,880|14,090|131,605|17,634|0|
8219|2018/07|184,040|37,936|87,734|181,045|10,593|79,291|
8140|2018/07|49,735|9,955|98|58,147|28,566|246|50,030|21,093|457|
1760|2018/07|958,990|110,504|169,289|703,339|83,051|104,489|449,318|55,261|54,274|
1739|2018/07|1,220,002|474,617|147,897|1,373,141|622,028|57,961|1,456,995|768,131|43,331|
1996|2018/07|41,325,343|4,210,874|11,629,499|30,087,328|2,762,352|7,690,837|25,839,640|1,979,793|5,663,724|
1773|2018/07|1,905,965|341,394|462,300|1,616,772|325,651|483,000|1,220,809|32,047|246,500|
1746|2018/07|88,122|1,838|26,206|61,326|16,904|11,402|70,087|5,440|14,926|
1652|2018/07|951,220|501,613|391,600|1,151,088|544,390|600,678|1,361,477|52,771|786,262|
8502|2018/07|377,239|10,919|37,000|381,950|9,645|47,000|390,078|5,563|51,000|
6190|2018/07|271,254,063|99,528,133|29.41|225,296,607|76,907,564|58.88|174,910,377|48,405,120|0|
8223|2018/07|351,908|2,324|85,430|285,171|2,683|62,265|207,090|6,402|79,110|
1810|2018/07|89,869,761|14,499,547|172,253,316|50,765,601|10,304,440|119,960,677|39,136,537|9,200,498|109,179,669|
1763|2018/07|4,696,794|1,478,833|190,511|3,583,019|1,003,217|510,898|2,970,073|711,089|90,912|
2262|2018/07|375,127|155,914|8,000|299,916|126,337|5,000|239,027|63,419|1,000|
8305|2018/07|100,382|3,304|19,933|77,439|5,823|18,679|56,726|3,764|14,215|
1592|2018/07|186,399|19,583|103,759|232,877|11,378|113,375|174,427|11,735|124,426|
6100|2018/06|942,411|649,931|0|773,677|545,137|300,835|320,793|91,898|171,622|
1620|2018/06|197,359|110,433|37,243|165,019|112,565|80,437|86,680|49,030|62,314|
8146|2018/06|228,819|32,152|0|296,681|51,367|26,000|273,849|22,567|0|
1749|2018/06|867,838|115,873|288,200|692,162|106,310|257,094|569,124|76,944|17,503|
1587|2018/06|242,862|107,645|40,000|198,306|46,528|40,000|172,837|36,706|30,000|
1916|2018/06|370,005,298|124,769,378|19.79|313,740,792|104,153,645|26.63|211,448,810|82,253,428|0|
2003|2018/06|13,437,008|711,766|14,105,306|7,131,857|381,834|7,458,633|4,241,583|207,771|4,078,333|
6098|2018/06|3,477,120|2,637,094|0|2,467,962|1,774,434|0|1,434,165|592,124|0|
8357|2018/06|3,826|1,994|0|3,266|2,064|0|
1806|2018/06|8,124,056|3,520,903|415,315|6,402,792|3,964,921|766,348|4,226,458|2,631,912|131,795|
8403|2018/06|67,727|20,163|0|51,868|13,237|5,000|57,844|21,356|4,500|
1751|2018/06|134,190|46,418|0|123,605|60,828|4,010|71,654|19,985|3,770|39,475|4,749|6,140|
1757|2018/06|185,140|10,995|27,036|175,449|25,268|21,861|129,664|4,093|18,959|109,930|8,970|13,489|
6119|2018/06|302,296|19,391|0|273,309|70,003|0|259,001|38,922|0|
1451|2018/06|162,188|46,560|0|145,420|41,319|0|157,663|41,996|0|
8545|2018/05|92,293|27,541|6,582|87,647|32,282|6,731|94,293|52,027|7,087|
8490|2018/05|192,085|10,758|22,693|282,307|7,681|155,380|292,125|11,888|167,486|
1978|2018/05|346,959|69,990|0|428,867|216,358|0|399,407|219,270|0|
3613|2018/05|2,760,655|1,897,781|605|2,354,822|1,583,601|556|2,026,985|1,280,266|561|1,632,541|1,033,912|0|
1598|2018/05|317,411|109,864|35,106|261,544|5,320|34,322|346,921|13,612|57,800|
8536|2018/05|48,811|2,797|0|58,137|7,684|0|55,909|6,323|0|
8521|2018/05|102,654|14,799|8,637|61,156|22,447|3,000|42,597|14,969|0|
8105|2018/05|133,748|7,223|69,703|124,798|1,689|65,692|
2119|2018/05|581,461|45,613|191,559|591,364|48,100|173,865|564,678|59,924|174,834|
8391|2018/05|72,106|10,403|7,325|99,644|32,394|13,939|135,172|51,286|20,571|
1752|2018/05|24,026|16,100|0|25,027|17,956|0|19,968|16,898|0|
1742|2018/05|123,766|27,792|136|126,144|41,426|120|165,397|63,872|186|
1750|2018/05|155,691|42,962|4,267|154,944|15,506|8,389|143,771|17,509|12,455|
8527|2018/05|11,000|3,786|1,806|9,531|1,439|2,348|8,565|1,268|1,618|
8107|2018/05|54,946|23,767|6,800|63,559|25,691|12,978|93,472|48,345|37,511|
1833|2018/05|5,972,080|4,924,618|0|4,187,670|3,477,670|550,000|307,089|105,121|30,000|
1671|2018/04|555,203|116,071|0|525,936|94,251|24,000|520,966|65,591|0|
8151|2018/04|106,693|17,275|31,364|102,869|20,003|34,327|72,319|574|29,000|
8511|2018/04|54,792|1,959|0|29,076|2,780|0|12,251|2,750|0|
1726|2018/04|10,506|4,011|0|7,539|1,095|0|6,792|3,752|16|
8451|2018/04|13,383|3,095|135|15,587|4,897|293|
8507|2018/04|38,943|6,510|8,685|35,822|10,719|7,121|41,338|10,310|10,136|
8241|2018/04|18,203|3,533|10,000|17,376|2,750|5,000|19,544|1,810|1,271|
8447|2018/04|51,343|15,785|18,626|52,221|7,126|16,980|52,097|11,360|21,849|
8372|2018/03|88,645|61,067|0|35,318|9,776|0|44,279|16,922|0|
1735|2018/03|225,531|103,079|0|138,447|27,557|1,618|129,326|33,731|1,686|93,832|10,649|1,751|
8401|2018/03|74,168|13,934|0|17,788|7,397|34|11,570|3,924|427|
8448|2018/03|100,478|68,203|3,504|59,284|20,993|3,784|44,569|5,776|3,429|
1716|2018/03|109,455|80,525|0|40,480|22,150|0|35,805|15,113|0|18,957|10,986|0|
2116|2018/03|157,188|25,973|18,000|144,220|2,372|0|126,875|9,068|0|102,292|1,900|0|
3997|2018/03|110,671|86,691|0|92,218|61,135|1,340|81,151|46,880|18,600|82,974|44,485|16,085|
2779|2018/03|1,326,598|293,023|0|1,035,620|105,874|0|943,500|104,306|500|906,178|98,469|210,000|
807|2018/03|25,649,296|1,532,741|11,092,420|23,038,285|1,826,474|10,561,007|
8168|2018/03|15,478|10,633|0|20,186|1,278|0|13,015|2,045|0|
6036|2018/03|1,081,440|66,302|479,486|600,026|55,971|262,434|311,256|16,128|116,970|216,350|17,518|47,088|
2377|2018/03|2,844,682|743,737|127,000|2,341,856|639,944|343,254|2,167,924|735,616|87,000|2,146,690|707,967|132,000|
2363|2018/03|718,511|28,304|250,165|640,138|35,985|192,822|551,857|45,120|97,819|489,536|24,816|59,962|
1737|2018/03|266,463|145,245|45,952|162,255|61,095|27,545|118,165|19,220|15,579|115,710|23,714|28,724|
1705|2018/03|278,523|140,902|89,145|160,619|37,477|32,564|130,961|30,108|26,328|106,720|12,596|25,208|
1815|2018/03|905,285|338,006|0|641,540|124,901|0|596,080|5,118|0|94,745|2,163|0|
2182|2018/03|654,789|19,591|214,205|632,478|18,919|279,474|655,240|25,607|312,720|604,518|21,904|291,074|
1621|2018/03|177,677|95,098|16,607|103,448|16,542|20,535|90,809|15,248|26,231|70,155|6,718|28,713|
1933|2018/03|216,165|87,409|0|128,911|35,411|0|111,036|7,307|0|125,227|3,545|15,000|
8483|2018/02|25,525|12,746|183|32,458|24,543|397|27,235|17,533|604|
8526|2018/02|74,046|23,009|19,557|91,088|14,977|2,404|64,997|5,549|2,729|
8367|2018/02|72,588|4,347|13,058|77,604|6,702|14,520|
8532|2018/02|90,404|11,466|41,899|64,625|6,164|27,408|
8379|2018/02|46,871|12,218|1,494|47,095|19,564|2,894|
8040|2018/02|80,475|22,988|16,500|84,050|7,355|26,188|
8510|2018/02|40,244|1,352|19,099|18,886|2,721|2,339|
8522|2018/02|106,224|6,412|1,912|70,256|2,976|1,450|
1183|2018/02|433,025|206,990|0|307,197|133,824|0|342,339|154,105|0|296,468|103,976|0|
1729|2018/02|502,047|51,554|78,420|545,944|79,524|66,654|659,194|91,659|121,060|
8523|2018/02|83,825|13,158|28,364|50,118|8,579|18,530|
8535|2018/02|139,142|33,287|2,408|123,732|45,515|3,773|
8473|2018/02|37,071|16,820|4,839|24,029|10,728|0|13,355|5,967|0|
1690|2018/02|197,212|48,247|2,136|171,226|33,515|0|140,939|22,021|3,590|118,672|34,651|8,149|
1990|2018/02|1,668,593|87,403|624,375|1,667,263|64,477|729,375|1,643,842|20,184|797,000|1,697,628|53,952|895,625|
3319|2018/02|2,510,797|880,155|0|1,898,857|526,467|795,385|1,253,992|207,664|586,100|1,605,432|209,181|784,110|
8519|2018/02|85,715|8,392|17,612|92,170|7,642|14,141|90,726|16,687|0|76,508|21,920|0|
6829|2018/02|167,260|36,675|7,891|182,541|7,482|13,129|169,356|11,514|20,111|
1659|2018/02|1,231,498|476,670|616,610|1,282,228|528,060|675,575|1,071,315|271,557|612,673|981,156|124,555|657,492|231,499|42,083|102,400|
8450|2018/02|55,346|19,091|0|52,432|23,379|0|46,407|11,267|0|
1719|2018/01|1,488,294|40,343|494,776|1,231,818|50,353|323,859|990,417|22,872|281,928|582,100|50,090|307,623|
1711|2018/01|111,378|39,818|0|82,638|13,435|0|68,306|4,668|0|
8456|2018/01|145,993|26,714|46,468|162,348|12,176|59,195|
8395|2018/01|29,836|2,499|7,556|43,061|5,347|3,449|32,146|2,785|4,370|
8136|2018/01|50,875|31,755|0|29,596|15,938|0|
2683|2018/01|288,922|71,616|35,632|220,324|63,816|14,205|204,997|43,139|14,954|
1686|2018/01|5,633,746|604,303|996,458|4,622,951|652,220|193,958|4,207,989|768,515|0|4,092,450|885,111|0|
8513|2018/01|12,245|1,209|4,149|10,572|1,789|3,484|9,137|1,249|3,771|
8043|2018/01|28,458|6,876|9,520|33,203|8,320|9,006|31,665|7,178|7,143|
1665|2018/01|292,009|81,643|4,174|126,478|26,298|306|76,620|11,495|57|79,507|6,926|189|
8287|2018/01|513,034|58,310|64,301|366,427|28,836|27,398|359,209|77,662|75,587|
2139|2018/01|271,147,617|125,254,681|20.32|245,056,357|104,099,125|18.02|211,930,739|88,206,942|0.00|165,100,107|55,518,299|0|
8479|2018/01|247,991|23,566|0|171,099|15,955|0|168,459|1,008|0|
8371|2018/01|60,196|21,079|13,532|52,614|19,106|5,586|
6182|2018/01|144,776|25,369|40,879|101,857|6,473|43,617|109,701|5,535|37,813|
8313|2018/01|20,210|2,615|0|26,895|4,371|0|24,038|964|0|
8285|2018/01|105,410|19,146|26,395|94,634|20,979|34,612|80,602|11,140|26,627|
8493|2018/01|178,499|15,917|48,522|203,281|15,497|60,307|204,394|5,985|81,864|
8487|2018/01|12,257|3,709|3,473|10,318|1,158|3,665|
2448|2018/01|438,764|43,927|191,464|365,327|58,595|158,271|372,053|49,139|155,656|268,283|41,527|92,923|
2292|2018/01|1,696,235|14,071|330,000|2,188,819|30,946|330,000|1,348,164|2,207|0|1,606,423|2,558|0|
6158|2018/01|106,421,670|15,734,788|42,063,537|86,758,667|18,506,779|37,022,838|59,521,700|4,775,849|25,358,355|43,527,893|1,637,286|30,180,488|
3699|2018/01|936,333|42,435|32,500|915,816|42,693|47,813|970,793|36,640|111,629|941,166|54,465|125,900|
3309|2018/01|233,377|85,969|8,947|128,642|58,760|18,523|132,375|23,348|33,310|102,817|11,246|43,884|
8509|2018/01|170,839|29,865|97,604|297,100|32,370|221,378|223,518|27,786|166,898|
8350|2018/01|29,570|12,964|0|26,948|10,472|0|44,654|26,224|0|
2025|2018/01|1,209,191|5,715|228,000|1,048,502|9,553|200,833|785,888|19,328|155,296|676,109|11,353|144,385|
8506|2018/01|144,027|74,380|44,900|97,361|43,480|44,900|87,273|30,337|35,000|
8501|2018/01|103,698|19,809|0|86,715|17,470|0|
3738|2018/01|24,593|6,031|0|25,083|7,139|1|24,065|4,050|3|11,366|2,220|41|
1730|2017/12|124,316|19,532|26,441|121,562|25,632|23,768|106,652|30,284|23,302|72,417|20,000|14,271|
8422|2017/12|56,232|16,835|903|30,846|16,748|515|
8485|2017/12|158,409|22,398|38,756|98,477|8,194|44,714|56,104|4,544|3,675|
784|2017/12|141,101|33,162|15,994|67,698|4,593|7,159|43,226|3,264|4,647|
2708|2017/12|143,671|31,568|35,600|153,602|17,310|56,500|164,616|14,317|89,260|
3878|2017/12|280,109|51,238|58,513|194,873|44,434|25,179|142,379|28,619|27,239|
8419|2017/12|313,720|118,023|151,256|273,730|134,217|162,144|279,074|33,538|176,187|
1789|2017/12|857,607|517,482|0|405,535|160,597|0|283,750|100,094|0|212,647|43,161|0|
2022|2017/12|63,830|43,998|0|26,524|8,130|0|32,212|16,813|0|29,666|16,336|0|
6877|2017/12|1,400,785|517,751|205|1,082,158|477,836|55,853|1,068,776|776,025|62|626,510|389,219|114|
8377|2017/12|129,359|66,920|22,627|118,334|9,799|36,930|149,743|6,686|58,292|
839|2017/12|6,671,952|3,243,144|0|3,866,086|247,133|453,076|3,440,407|373,854|460,645|2,887,469|332,081|288,000|
1722|2017/12|280,842|120,788|3,552|173,586|37,642|4,658|144,782|12,908|6,383|104,170|18,190|5,763|
1727|2017/12|50,758,662|5,510,659|3,569,142|61,406,992|5,673,798|936,329|52,142,699|4,338,802|5,471,454|43,277,147|2,690,732|4,772,474|
8385|2017/12|529,943|56,138|186,809|465,104|16,111|157,862|424,386|16,694|179,626|470,669|24,655|133,689|
6090|2017/12|1,188,991|75,765|652,638|1,119,734|82,545|660,398|1,141,644|138,435|671,593|874,033|63,144|432,773|
2227|2017/12|67,009|30,913|1,937|32,501|8,969|288|41,654|18,289|0|31,495|8,922|0|
1475|2017/12|4,460,990|2,109,128|0|3,435,304|1,442,521|0|3,859,699|1,626,150|0|3,435,343|1,509,146|0|
1417|2017/12|369,125|173,184|5,000|258,844|90,823|50,000|296,443|159,896|16,000|246,192|95,922|10,000|
8429|2017/12|103,461|65,939|0|58,051|36,678|0|52,493|26,776|0|
1697|2017/12|12,902,047|1,172,808|328,000|8,648,023|274,486|500,000|8,170,752|481,697|0|7,635,022|387,556|0|
8406|2017/12|116,001|37,272|0|83,961|11,719|0|71,707|8,290|0|91,360|2,659|17,238|
8495|2017/12|352,118|69,259|227,601|202,998|29,984|131,445|207,367|29,286|125,882|
1997|2017/11|265,462|5,212|35,362|262,970|6,501|37,526|260,473|5,273|40,119|
1710|2017/11|294,224|16,648|22,444|308,895|11,780|24,652|278,203|14,048|28,942|
8402|2017/11|16,969|786|3,789|21,141|3,202|2,946|
8118|2017/11|103,275|8,502|26,577|80,319|13,485|25,176|103,655|39,378|57,540|
8373|2017/11|26,307|7,015|1,142|23,826|4,252|1,363|
3358|2017/11|462,981|26,119|101,442|472,611|32,182|135,045|468,743|41,653|117,686|
1975|2017/11|190,241|57,868|0|263,334|58,174|0|239,511|25,851|0|
2858|2017/11|20,051,379|3,688,483|19,391,244|3,865,954|710,393|2,588,232|245,802|191,509|0|
8376|2017/11|82,264|58,167|0|72,509|27,240|0|
8400|2017/11|27,985|15,750|0|31,174|14,856|0|
1706|2017/11|61,645|396|29,634|40,069|1,181|16,307|32,124|1,530|15,477|
6083|2017/11|96,433|39,059|0|95,143|54,553|25,000|57,450|10,240|0|
8375|2017/11|76,755|7,927|6,256|68,726|6,491|5,627|
1337|2017/11|316,480|131,329|179|188,410|74,931|154|189,482|85,326|5,114|
8426|2017/11|143,275|61,612|50,487|109,445|36,542|28,277|
3919|2017/11|342,098|21,797|87,276|317,726|24,918|95,680|352,509|17,168|156,344|
2122|2017/11|967,537|173,365|0|834,323|156,377|0|757,722|191,391|0|
1720|2017/11|326,552|14,791|48,000|291,605|11,523|45,240|250,051|8,103|70,928|
772|2017/11|7,131,705|404,915|541,622|6,381,090|341,090|878,177|6,383,409|837,926|671,775|
2232|2017/11|1,360,823|149,523|477,558|1,073,864|120,693|218,006|1,232,093|252,683|345,863|
8436|2017/10|147,959|41,054|6,960|127,512|11,025|12,054|
1546|2017/10|228,003|105,903|561|132,299|57,750|375|126,869|58,622|956|
8470|2017/10|39,602|12,157|0|26,808|6,242|0|26,911|12,040|0|
2663|2017/10|248,708|52,888|20,422|238,457|60,640|34,569|147,440|15,818|22,787|
6080|2017/10|118,207|21,328|13,967|92,989|10,002|12,706|79,175|13,591|14,669|
8476|2017/10|64,369|10,624|30,320|63,838|3,456|50,004|
8457|2017/10|84,499|26,800|16,000|65,978|8,620|23,413|
8430|2017/10|17,674|1,793|4,609|17,350|2,853|4,700|
2225|2017/10|26,547|15,724|100|22,411|11,723|612|27,228|15,438|2,433|
8392|2017/10|29,504|9,170|427|21,288|4,964|1,265|
8480|2017/10|121,309|15,551|12,497|112,809|17,162|11,852|
8275|2017/10|117,773|2,629|7,230|96,242|651|7,777|
2337|2017/10|205,409|25,616|15,000|156,880|22,471|20,000|164,873|26,805|48,800|
8065|2017/10|141,372|58,619|0|137,940|59,900|0|
8437|2017/10|1,690|478|281|1,943|816|392|
1707|2017/10|168,918|53,411|16,667|179,715|46,018|5,859|133,766|23,757|6,588|
6885|2017/10|2,362,316|246,811|720,546|1,765,755|152,940|616,037|1,821,086|183,980|705,614|
8445|2017/09|108,333|29,469|6,246|87,623|25,402|822|
6060|2017/09|9,332,223|1,153,244|0|8,069,143|1,374,897|0|1,369,461|129,852|0|
8199|2017/09|135,808|57,091|0|189,191|11,356|77,000|
1709|2017/09|90,909|34,016|1,488|52,444|29,560|0|46,693|29,366|0|
1651|2017/09|1,397,738|130,833|274,529|1,145,472|96,093|379,829|1,395,064|89,091|363,770|
8491|2017/09|18,094|3,624|3,970|15,108|2,315|3,402|
3830|2017/09|402,113|7,878|174,010|463,326|15,223|120,044|461,092|15,516|111,241|
1696|2017/09|279,161|41,653|58,763|272,992|39,306|59,003|270,383|36,793|67,341|
3728|2017/09|283,942|61,785|36,593|230,296|84,937|14,611|183,946|5,874|62,316|
8383|2017/09|136,771|4,406|67,307|106,108|4,032|36,994|94,318|2,060|31,337|
1552|2017/09|77,301|29,730|4,244|63,452|18,490|914|45,261|6,332|449|
2863|2017/08|132,510|42,491|254|67,954|25,127|1,266|80,964|14,339|12,444|
1693|2017/08|669,550|77,402|290,942|580,026|4,561|325,484|179,257|21,825|23,938|
8142|2017/07|363,922|126,222|65,371|204,735|35,470|19,018|274,841|29,752|56,807|
8152|2017/07|176,660|46,889|20,172|225,563|63,951|33,222|
8471|2017/07|67,390|23,308|0|64,554|13,261|0|
