08465|2017/07|599,772|73,977|63,915|395,515|-2,925|-391|252,677|-4,303|-4,926|港元
08427|2017/07|33,595|593|-1,109|33,281|6,554|4,895|23,165|5,114|3,846|RM
01216|2017/07|11,203,327|151,351|0|10,548,106|367,303|0|8,735,703|255,031|2,518|人民币
08291|2017/07|118,510|13,383|7,344|114,566|10,503|5,925|100,458|10,741|7,973|人民币
08472|2017/07|404,124|12,452|8,789|363,467|18,144|15,088|港元
01676|2017/07|468,039|85,416|61,152|366,968|75,223|55,844|204,847|35,772|26,471|人民币
00735|2017/07|4,726,592|1,123,199|404,536|2,404,602|647,180|108,228|2,344,381|745,641|274,791|人民币
01649|2017/07|9,782,098|760,408|617,033|6,533,286|381,237|302,370|3,845,919|264,162|203,444|人民币
08481|2017/07|248,773|29,080|20,731|216,598|11,105|5,391|238,863|21,131|12,308|人民币
08462|2017/07|43,699|1,778|1,423|45,195|2,302|2,018|36,240|2,117|1,918|新加坡元
00994|2017/07|715,107|57,645|52,929|628,732|69,857|54,327|448,719|56,178|44,657|港元
08257|2017/07|1,223,294|38,465|12,111|1,025,919|76,838|61,570|685,966|66,929|55,241|TWD
08463|2017/07|13,082|3,645|3,016|11,470|3,336|2,812|新加坡元
08297|2017/07|77,710|3,592|1,057|55,621|11,052|8,436|50,913|9,952|7,481|港元
06088|2017/07|2,880,260|209,954|168,562|2,327,902|209,222|177,009|2,482,214|230,080|187,025|美元
08405|2017/07|58,975|8,226|6,684|39,937|10,449|36,184|港元
06113|2017/07|73,161|14,566|14,302|69,005|19,086|19,050|57,939|14,887|14,945|RM
01962|2017/07|595,682|37,017|32,970|554,479|71,375|68,706|533,908|71,764|70,326|港元
01702|2017/07|1,457,523|29,557|18,810|1,859,300|238,979|108,095|1,383,882|119,135|89,185|人民币
01695|2017/07|89,795|18,564|13,357|78,344|18,735|13,622|65,181|10,709|7,349|RM
01932|2017/07|937,450|73,267|55,448|867,997|61,631|42,498|1,131,305|127,341|97,274|港元
01826|2017/07|395,781|37,667|31,174|276,825|19,836|15,317|199,554|23,214|19,120|港元
08157|2017/07|107,418|10,249|4,071|121,524|14,876|9,840|114,762|20,422|14,453|人民币
08469|2017/07|118,667|68,172|48,008|57,462|51,946|36,994|人民币
08362|2017/06|133,578|7,800|4,633|112,865|8,639|8,364|港元
01571|2017/06|1,540,666|411,080|298,341|1,203,717|272,867|228,446|1,006,249|228,466|174,586|人民币
08460|2017/06|131,813|10,585|7,547|75,320|14,581|11,456|53,785|9,835|7,857|港元
01631|2017/06|178,095|54,988|45,619|142,355|35,648|28,672|134,132|31,627|25,563|港元
01551|2017/06|10,670,820|1,592,580|0|11,595,885|1,727,650|0|12,006,102|110,401|0|人民币
08420|2017/06|5,635|1,411|1,276|3,715|1,375|1,350|2,443|1,371|1,363|美元
01630|2017/06|770,159|84,089|67,571|599,354|55,104|46,155|483,330|35,668|29,732|港元
08446|2017/06|66,820|4,725|-443|40,805|9,652|7,059|26,822|2,472|1,219|港元
06038|2017/06|273,912|61,901|50,052|218,820|55,863|46,168|151,304|37,339|30,753|港元
02269|2017/06|989,029|175,846|141,096|557,042|65,402|44,509|331,850|49,012|41,978|人民币
01679|2017/06|390,210|75,299|57,743|340,724|81,236|55,300|232,628|50,014|40,555|人民币
00804|2017/06|45,706|33,526|27,550|37,502|20,458|15,410|33,025|25,738|21,217|港元
08183|2017/05|430,130|9,078|6,094|435,206|15,833|12,466|397,968|12,620|10,532|港元
08431|2017/05|109,450|2,729|814|90,905|11,808|9,609|57,153|8,945|6,726|港元
08365|2017/05|57,377|24,342|14,857|55,955|38,417|36,357|13,433|-4,359|-4,359|港元
08452|2017/05|76,047|24,566|16,169|69,611|9,774|6,400|51,904|6,552|4,897|人民币
03329|2017/05|1,023,269|393,610|350,609|1,093,578|417,663|350,238|753,950|55,037|23,677|港元
01655|2017/05|10,098|1,252|604|11,245|1,779|562|12,990|1,931|1,020|日圆
06033|2017/05|1,092,263|76,899|95,593|1,428,914|71,732|89,769|1,358,304|68,819|86,817|港元
08252|2017/05|74,495|51,760|40,481|95,947|77,219|61,402|98,107|75,623|67,493|人民币
01257|2017/05|3,000,131|851,977|629,222|1,203,198|369,409|271,953|1,057,784|251,278|196,368|港元
08410|2017/04|222,060|585|-5,414|176,999|17,960|11,990|125,459|6,722|5,721|港元
02001|2017/04|340,996|112,889|111,755|273,994|110,067|103,823|206,495|81,028|81,308|人民币
08409|2017/04|171,449|5,223|1,649|123,989|15,472|12,836|79,882|7,668|6,422|港元
08413|2017/04|188,298|738|-1,824|183,744|14,585|12,056|156,211|11,317|9,040|港元
08309|2017/04|463,795|6,048|2,782|346,999|15,175|12,522|316,320|17,153|14,354|港元
08455|2017/04|131,637|5,358|2,745|118,348|11,625|8,987|101,878|14,077|11,968|港元
08347|2017/04|180,616|10,109|7,282|146,920|14,971|12,303|242,949|10,130|8,486|港元
02611|2017/04|32,141,806|14,730,559|9,841,417|51,808,565|22,033,845|15,700,291|24,075,565|9,476,203|6,757,912|人民币
08412|2017/04|88,870|10,407|8,384|67,387|8,569|7,099|港元
01667|2017/04|407,320|14,882|8,146|361,427|31,352|24,308|289,856|28,781|22,597|港元
03768|2017/04|914,925|390,621|274,993|825,107|312,168|237,611|735,225|307,623|245,513|人民币
02281|2017/03|836,191|165,812|126,647|911,896|170,352|130,412|628,983|136,719|100,386|人民币
02017|2017/03|1,551,858|159,989|108,004|1,006,339|147,257|95,179|659,324|91,109|51,939|人民币
01647|2017/03|46,822|5,885|4,689|40,505|6,888|5,618|34,964|5,540|4,621|新加坡元
08439|2017/03|67,901|128|-2,807|67,945|11,483|9,299|78,175|21,819|18,198|港元
01569|2017/03|444,997|252,025|243,431|426,317|222,266|203,207|402,515|222,266|186,786|人民币
08442|2017/03|158,838|22,235|17,503|140,285|9,464|7,576|港元
08421|2017/03|467,513|13,275|8,679|449,758|23,586|18,814|369,212|17,912|14,331|港元
03869|2017/03|161,385|59,397|24,068|142,524|90,060|50,935|23,653|7,896|2,067|人民币
08425|2017/03|44,867|5,612|2,812|45,017|12,002|9,562|44,455|12,131|9,832|港元
08423|2017/03|335,191|17,533|12,523|279,674|18,009|14,997|163,447|9,340|7,777|港元
08013|2017/03|80,338|13,306|10,243|56,066|9,589|7,565|港元
03395|2017/03|21,925|1,108|-2,286|15,008|790|-2,485|27,129|6,535|3,002|加元
01985|2017/03|1,124,374|28,088|19,960|1,075,491|38,258|24,861|1,064,152|41,252|27,534|港元
02293|2017/03|50,966|32,339|26,842|46,496|27,457|22,387|36,540|13,474|8,699|港元
06169|2017/02|781,331|337,686|311,676|697,706|115,513|91,200|599,337|225,314|207,828|人民币
08188|2017/02|159,127|22,750|17,708|80,560|18,406|15,366|94,193|8,549|6,937|港元
01627|2017/02|2,502,920|241,320|201,890|2,117,353|80,315|68,685|港元
08417|2017/02|25,367|11,637|8,399|25,044|14,538|10,972|港元
08428|2017/02|134,296|9,576|8,200|130,784|9,641|8,177|港元
01989|2017/02|172,749|31,105|27,255|163,785|48,645|43,291|港元
02266|2017/02|287,677|36,180|30,236|220,711|47,157|41,365|117,753|49,671|43,325|MOP
01660|2017/02|205,439|40,619|32,985|207,534|35,825|29,447|港元
03789|2017/02|481,943|61,998|49,791|287,660|40,087|34,270|港元
06068|2017/01|700,741|194,535|154,367|568,715|212,342|182,305|450,913|112,269|90,917|人民币
08370|2017/01|99,563|3,205|259|86,862|6,619|4,267|0|14,785|14,785|人民币
01518|2017/01|490,933|175,024|98,635|258,196|91,711|40,903|249,013|98,051|46,705|人民币
08349|2017/01|63,278|-2,684|-7,771|56,405|10,534|4,380|53,672|9,000|3,555|人民币
08341|2017/01|180,391|17,003|13,722|81,661|5,662|4,748|港元
08069|2017/01|452,632|28,431|23,109|461,546|19,697|16,226|港元
08415|2017/01|140,719|13,025|9,957|134,047|12,401|10,545|港元
06122|2017/01|4,533,339|673,080|9,792|3,372,279|672,977|2,167|2,566,339|378,118|0|人民币
01575|2017/01|941,617|112,045|80,676|926,471|103,166|83,068|824,675|37,804|24,364|人民币
01656|2017/01|258,502|13,980|5,153|235,299|16,418|8,721|230,450|14,183|7,457|新加坡元
08432|2017/01|126,145|18,054|9,450|112,373|14,601|7,273|港元
08416|2017/01|160,036|18,747|14,969|160,369|18,965|13,873|125,343|13,074|10,868|港元
01536|2017/01|141,744|42,906|26,974|126,620|31,691|21,141|港元
08358|2017/01|83,352|21,951|18,488|74,000|15,232|13,495|港元
08221|2017/01|40,921|9,636|6,955|42,395|19,763|16,532|港元
08091|2017/01|55,824|16,731|14,196|49,130|13,823|11,659|港元
01637|2017/01|190,242|28,601|23,648|183,788|14,732|12,142|港元
08343|2016/12|141,990|13,007|5,886|118,706|12,317|7,736|110,038|7,859|5,403|人民币
01596|2016/12|1,035,427|358,055|305,857|907,049|287,533|228,069|854,777|273,561|188,410|人民币
01580|2016/12|466,118|79,756|53,231|380,860|67,095|45,222|317,022|57,212|38,926|人民币
08353|2016/12|11,090|3,221|2,494|7,325|-333|-354|新加坡元
08352|2016/12|125,671|6,753|3,560|120,072|18,154|14,197|117,129|12,842|9,129|港元
08342|2016/12|74,255|13,091|10,221|51,529|21,558|18,331|40,991|11,656|9,771|人民币
08062|2016/12|45,986|16,126|13,298|35,208|11,557|9,674|港元
01357|2016/12|1,578,580|-652,210|-6,260,880|741,813|-752,722|-2,217,557|488,049|-119,446|-1,772,336|人民币
08039|2016/12|29,334|16,244|5,924|26,374|15,924|13,316|港元
01617|2016/12|805,921|91,226|100,033|612,637|67,214|72,154|380,612|26,399|23,489|人民币
08308|2016/12|185,052|6,992|-46,647|202,153|46,143|-15,492|206,468|106,502|58,036|人民币
06066|2016/12|17,436,747|7,060,757|5,259,251|24,453,753|11,461,475|8,638,825|11,373,828|4,543,349|3,407,125|人民币
08411|2016/12|59,858|8,190|4,668|48,612|16,308|12,926|79,984|27,127|21,806|港元
01581|2016/12|409,349|45,006|36,748|366,729|42,963|35,863|港元
01635|2016/12|4,568,396|183,426|547,642|4,616,595|173,445|463,800|4,212,557|153,047|340,469|人民币
08278|2016/12|20,964|1,878|1,018|17,185|2,669|1,826|12,615|3,245|2,563|美元
08160|2016/12|38,576|7,256|4,989|36,249|11,287|9,164|港元
01632|2016/11|200,915|28,743|23,905|210,078|22,416|18,805|港元
06189|2016/11|1,659,693|133,817|100,710|1,479,719|105,596|79,630|人民币
01629|2016/11|319,273|26,428|21,892|269,903|17,062|14,579|人民币
01608|2016/11|1,212,843|164,415|141,223|929,781|140,996|120,746|港元
01611|2016/11|289,002|23,423|14,664|327,634|42,887|33,208|334,496|37,411|30,194|港元
01272|2016/11|8,609,588|892,846|705,753|6,499,127|595,959|535,210|人民币
06163|2016/11|48,690|4,283|2,116|41,070|6,153|5,200|34,329|4,252|2,411|美元
08052|2016/11|125,521|10,220|9,420|120,349|9,826|8,792|港元
08427|2017/07|33,595|593|-1,109|33,281|6,554|4,895|23,165|5,114|3,846|RM
01216|2017/07|11,203,327|151,351|0|10,548,106|367,303|0|8,735,703|255,031|2,518|人民币
08291|2017/07|118,510|13,383|7,344|114,566|10,503|5,925|100,458|10,741|7,973|人民币
08472|2017/07|404,124|12,452|8,789|363,467|18,144|15,088|港元
01676|2017/07|468,039|85,416|61,152|366,968|75,223|55,844|204,847|35,772|26,471|人民币
00735|2017/07|4,726,592|1,123,199|404,536|2,404,602|647,180|108,228|2,344,381|745,641|274,791|人民币
01649|2017/07|9,782,098|760,408|617,033|6,533,286|381,237|302,370|3,845,919|264,162|203,444|人民币
08481|2017/07|248,773|29,080|20,731|216,598|11,105|5,391|238,863|21,131|12,308|人民币
08462|2017/07|43,699|1,778|1,423|45,195|2,302|2,018|36,240|2,117|1,918|新加坡元
00994|2017/07|715,107|57,645|52,929|628,732|69,857|54,327|448,719|56,178|44,657|港元
08257|2017/07|1,223,294|38,465|12,111|1,025,919|76,838|61,570|685,966|66,929|55,241|TWD
08463|2017/07|13,082|3,645|3,016|11,470|3,336|2,812|新加坡元
08297|2017/07|77,710|3,592|1,057|55,621|11,052|8,436|50,913|9,952|7,481|港元
06088|2017/07|2,880,260|209,954|168,562|2,327,902|209,222|177,009|2,482,214|230,080|187,025|美元
08405|2017/07|58,975|8,226|6,684|39,937|10,449|36,184|港元
06113|2017/07|73,161|14,566|14,302|69,005|19,086|19,050|57,939|14,887|14,945|RM
01962|2017/07|595,682|37,017|32,970|554,479|71,375|68,706|533,908|71,764|70,326|港元
01702|2017/07|1,457,523|29,557|18,810|1,859,300|238,979|108,095|1,383,882|119,135|89,185|人民币
01695|2017/07|89,795|18,564|13,357|78,344|18,735|13,622|65,181|10,709|7,349|RM
01932|2017/07|937,450|73,267|55,448|867,997|61,631|42,498|1,131,305|127,341|97,274|港元
01826|2017/07|395,781|37,667|31,174|276,825|19,836|15,317|199,554|23,214|19,120|港元
08157|2017/07|107,418|10,249|4,071|121,524|14,876|9,840|114,762|20,422|14,453|人民币
08469|2017/07|118,667|68,172|48,008|57,462|51,946|36,994|人民币
08362|2017/06|133,578|7,800|4,633|112,865|8,639|8,364|港元
01571|2017/06|1,540,666|411,080|298,341|1,203,717|272,867|228,446|1,006,249|228,466|174,586|人民币
08460|2017/06|131,813|10,585|7,547|75,320|14,581|11,456|53,785|9,835|7,857|港元
01631|2017/06|178,095|54,988|45,619|142,355|35,648|28,672|134,132|31,627|25,563|港元
01551|2017/06|10,670,820|1,592,580|0|11,595,885|1,727,650|0|12,006,102|110,401|0|人民币
08420|2017/06|5,635|1,411|1,276|3,715|1,375|1,350|2,443|1,371|1,363|美元
01630|2017/06|770,159|84,089|67,571|599,354|55,104|46,155|483,330|35,668|29,732|港元
08446|2017/06|66,820|4,725|-443|40,805|9,652|7,059|26,822|2,472|1,219|港元
06038|2017/06|273,912|61,901|50,052|218,820|55,863|46,168|151,304|37,339|30,753|港元
02269|2017/06|989,029|175,846|141,096|557,042|65,402|44,509|331,850|49,012|41,978|人民币
01679|2017/06|390,210|75,299|57,743|340,724|81,236|55,300|232,628|50,014|40,555|人民币
00804|2017/06|45,706|33,526|27,550|37,502|20,458|15,410|33,025|25,738|21,217|港元
08183|2017/05|430,130|9,078|6,094|435,206|15,833|12,466|397,968|12,620|10,532|港元
08431|2017/05|109,450|2,729|814|90,905|11,808|9,609|57,153|8,945|6,726|港元
08365|2017/05|57,377|24,342|14,857|55,955|38,417|36,357|13,433|-4,359|-4,359|港元
08452|2017/05|76,047|24,566|16,169|69,611|9,774|6,400|51,904|6,552|4,897|人民币
03329|2017/05|1,023,269|393,610|350,609|1,093,578|417,663|350,238|753,950|55,037|23,677|港元
01655|2017/05|10,098|1,252|604|11,245|1,779|562|12,990|1,931|1,020|日圆
06033|2017/05|1,092,263|76,899|95,593|1,428,914|71,732|89,769|1,358,304|68,819|86,817|港元
08252|2017/05|74,495|51,760|40,481|95,947|77,219|61,402|98,107|75,623|67,493|人民币
01257|2017/05|3,000,131|851,977|629,222|1,203,198|369,409|271,953|1,057,784|251,278|196,368|港元
08410|2017/04|222,060|585|-5,414|176,999|17,960|11,990|125,459|6,722|5,721|港元
02001|2017/04|340,996|112,889|111,755|273,994|110,067|103,823|206,495|81,028|81,308|人民币
08409|2017/04|171,449|5,223|1,649|123,989|15,472|12,836|79,882|7,668|6,422|港元
08413|2017/04|188,298|738|-1,824|183,744|14,585|12,056|156,211|11,317|9,040|港元
08309|2017/04|463,795|6,048|2,782|346,999|15,175|12,522|316,320|17,153|14,354|港元
08455|2017/04|131,637|5,358|2,745|118,348|11,625|8,987|101,878|14,077|11,968|港元
08347|2017/04|180,616|10,109|7,282|146,920|14,971|12,303|242,949|10,130|8,486|港元
02611|2017/04|32,141,806|14,730,559|9,841,417|51,808,565|22,033,845|15,700,291|24,075,565|9,476,203|6,757,912|人民币
08412|2017/04|88,870|10,407|8,384|67,387|8,569|7,099|港元
01667|2017/04|407,320|14,882|8,146|361,427|31,352|24,308|289,856|28,781|22,597|港元
03768|2017/04|914,925|390,621|274,993|825,107|312,168|237,611|735,225|307,623|245,513|人民币
02281|2017/03|836,191|165,812|126,647|911,896|170,352|130,412|628,983|136,719|100,386|人民币
02017|2017/03|1,551,858|159,989|108,004|1,006,339|147,257|95,179|659,324|91,109|51,939|人民币
01647|2017/03|46,822|5,885|4,689|40,505|6,888|5,618|34,964|5,540|4,621|新加坡元
08439|2017/03|67,901|128|-2,807|67,945|11,483|9,299|78,175|21,819|18,198|港元
01569|2017/03|444,997|252,025|243,431|426,317|222,266|203,207|402,515|222,266|186,786|人民币
08442|2017/03|158,838|22,235|17,503|140,285|9,464|7,576|港元
08421|2017/03|467,513|13,275|8,679|449,758|23,586|18,814|369,212|17,912|14,331|港元
03869|2017/03|161,385|59,397|24,068|142,524|90,060|50,935|23,653|7,896|2,067|人民币
08425|2017/03|44,867|5,612|2,812|45,017|12,002|9,562|44,455|12,131|9,832|港元
08423|2017/03|335,191|17,533|12,523|279,674|18,009|14,997|163,447|9,340|7,777|港元
08013|2017/03|80,338|13,306|10,243|56,066|9,589|7,565|港元
03395|2017/03|21,925|1,108|-2,286|15,008|790|-2,485|27,129|6,535|3,002|加元
01985|2017/03|1,124,374|28,088|19,960|1,075,491|38,258|24,861|1,064,152|41,252|27,534|港元
02293|2017/03|50,966|32,339|26,842|46,496|27,457|22,387|36,540|13,474|8,699|港元
06169|2017/02|781,331|337,686|311,676|697,706|115,513|91,200|599,337|225,314|207,828|人民币
08188|2017/02|159,127|22,750|17,708|80,560|18,406|15,366|94,193|8,549|6,937|港元
01627|2017/02|2,502,920|241,320|201,890|2,117,353|80,315|68,685|港元
08417|2017/02|25,367|11,637|8,399|25,044|14,538|10,972|港元
08428|2017/02|134,296|9,576|8,200|130,784|9,641|8,177|港元
01989|2017/02|172,749|31,105|27,255|163,785|48,645|43,291|港元
02266|2017/02|287,677|36,180|30,236|220,711|47,157|41,365|117,753|49,671|43,325|MOP
01660|2017/02|205,439|40,619|32,985|207,534|35,825|29,447|港元
03789|2017/02|481,943|61,998|49,791|287,660|40,087|34,270|港元
06068|2017/01|700,741|194,535|154,367|568,715|212,342|182,305|450,913|112,269|90,917|人民币
08370|2017/01|99,563|3,205|259|86,862|6,619|4,267|0|14,785|14,785|人民币
01518|2017/01|490,933|175,024|98,635|258,196|91,711|40,903|249,013|98,051|46,705|人民币
08349|2017/01|63,278|-2,684|-7,771|56,405|10,534|4,380|53,672|9,000|3,555|人民币
08341|2017/01|180,391|17,003|13,722|81,661|5,662|4,748|港元
08069|2017/01|452,632|28,431|23,109|461,546|19,697|16,226|港元
08415|2017/01|140,719|13,025|9,957|134,047|12,401|10,545|港元
06122|2017/01|4,533,339|673,080|9,792|3,372,279|672,977|2,167|2,566,339|378,118|0|人民币
01575|2017/01|941,617|112,045|80,676|926,471|103,166|83,068|824,675|37,804|24,364|人民币
01656|2017/01|258,502|13,980|5,153|235,299|16,418|8,721|230,450|14,183|7,457|新加坡元
08432|2017/01|126,145|18,054|9,450|112,373|14,601|7,273|港元
08416|2017/01|160,036|18,747|14,969|160,369|18,965|13,873|125,343|13,074|10,868|港元
01536|2017/01|141,744|42,906|26,974|126,620|31,691|21,141|港元
08358|2017/01|83,352|21,951|18,488|74,000|15,232|13,495|港元
08221|2017/01|40,921|9,636|6,955|42,395|19,763|16,532|港元
08091|2017/01|55,824|16,731|14,196|49,130|13,823|11,659|港元
01637|2017/01|190,242|28,601|23,648|183,788|14,732|12,142|港元
08343|2016/12|141,990|13,007|5,886|118,706|12,317|7,736|110,038|7,859|5,403|人民币
01596|2016/12|1,035,427|358,055|305,857|907,049|287,533|228,069|854,777|273,561|188,410|人民币
01580|2016/12|466,118|79,756|53,231|380,860|67,095|45,222|317,022|57,212|38,926|人民币
08353|2016/12|11,090|3,221|2,494|7,325|-333|-354|新加坡元
08352|2016/12|125,671|6,753|3,560|120,072|18,154|14,197|117,129|12,842|9,129|港元
08342|2016/12|74,255|13,091|10,221|51,529|21,558|18,331|40,991|11,656|9,771|人民币
08062|2016/12|45,986|16,126|13,298|35,208|11,557|9,674|港元
01357|2016/12|1,578,580|-652,210|-6,260,880|741,813|-752,722|-2,217,557|488,049|-119,446|-1,772,336|人民币
08039|2016/12|29,334|16,244|5,924|26,374|15,924|13,316|港元
01617|2016/12|805,921|91,226|100,033|612,637|67,214|72,154|380,612|26,399|23,489|人民币
08308|2016/12|185,052|6,992|-46,647|202,153|46,143|-15,492|206,468|106,502|58,036|人民币
06066|2016/12|17,436,747|7,060,757|5,259,251|24,453,753|11,461,475|8,638,825|11,373,828|4,543,349|3,407,125|人民币
08411|2016/12|59,858|8,190|4,668|48,612|16,308|12,926|79,984|27,127|21,806|港元
01581|2016/12|409,349|45,006|36,748|366,729|42,963|35,863|港元
01635|2016/12|4,568,396|183,426|547,642|4,616,595|173,445|463,800|4,212,557|153,047|340,469|人民币
08278|2016/12|20,964|1,878|1,018|17,185|2,669|1,826|12,615|3,245|2,563|美元
08160|2016/12|38,576|7,256|4,989|36,249|11,287|9,164|港元
01632|2016/11|200,915|28,743|23,905|210,078|22,416|18,805|港元
06189|2016/11|1,659,693|133,817|100,710|1,479,719|105,596|79,630|人民币
01629|2016/11|319,273|26,428|21,892|269,903|17,062|14,579|人民币
01608|2016/11|1,212,843|164,415|141,223|929,781|140,996|120,746|港元
01611|2016/11|289,002|23,423|14,664|327,634|42,887|33,208|334,496|37,411|30,194|港元
01272|2016/11|8,609,588|892,846|705,753|6,499,127|595,959|535,210|人民币
06163|2016/11|48,690|4,283|2,116|41,070|6,153|5,200|34,329|4,252|2,411|美元
08052|2016/11|125,521|10,220|9,420|120,349|9,826|8,792|港元
01633|2016/11|464,303|50,369|39,951|143,082|15,106|11,182|港元
03689|2016/11|1,063,702|148,818|118,847|985,108|135,212|102,237|人民币
08283|2016/11|15,814|2,054|1,716|15,491|2,612|2,199|新加坡元
01572|2016/11|107,574|89,064|46,854|57,698|48,558|25,901|人民币
03686|2016/11|261,112|56,344|34,847|236,844|46,424|29,588|人民币
01610|2016/11|5,055,705|351,682|342,834|3,746,039|-345,792|-385,195|人民币
03306|2016/10|1,902,642|343,004|239,336|1,613,093|296,365|196,819|1,383,435|226,690|149,464|人民币
08321|2016/10|97,194|15,844|12,902|77,683|12,577|10,548|港元
03320|2016/10|146,568,105|7,992,071|2,850,076|135,749,180|6,858,133|2,645,940|港元
01539|2016/10|130,068|49,225|35,402|111,494|39,662|26,229|港元
08407|2016/10|364,324|48,069|50,504|120,002|23,119|18,771|港元
08149|2016/10|48,160|17,716|17,331|34,414|16,190|15,761|港元
08320|2016/10|32,539|7,607|5,448|28,347|12,057|9,997|港元
01609|2016/10|378,479|38,866|30,207|273,560|27,696|21,647|港元
02113|2016/10|210,046|34,599|28,424|139,367|30,743|25,671|港元
01547|2016/10|661,082|33,733|28,269|539,466|26,490|22,383|港元
08240|2016/10|166,230|14,295|11,073|152,286|10,817|8,753|港元
08023|2016/10|68,575|20,911|16,797|42,808|13,077|11,086|港元
01460|2016/10|505,117|39,610|28,817|389,268|30,496|20,067|港元
08035|2016/10|209,316|16,330|13,623|178,938|11,119|9,251|港元
08231|2016/10|18,095|1,136|687|16,221|1,739|1,556|美元
02166|2016/10|485,371|9,042|6,096|398,516|9,089|6,644|港元
06099|2016/10|34,904,600|13,082,889|10,908,749|13,713,340|4,632,768|3,850,673|人民币
06858|2016/10|22,368,761|3,959,136|3,569,201|18,525,092|2,003,602|2,303,775|日圆
01526|2016/10|802,796|73,285|28,982|597,750|33,223|8,319|人民币
01577|2016/09|130,140|100,351|75,255|125,830|98,074|73,469|人民币
01658|2016/09|179,259|2,702|0|167,816|-420|0|人民币
01591|2016/09|192,154|32,324|25,553|166,510|34,752|28,210|港元
02633|2016/09|1,083,856|185,520|145,610|947,591|138,842|101,904|港元
03893|2016/09|132,719|16,293|11,508|130,578|28,635|23,783|113,798|24,350|20,181|港元
02031|2016/09|210,840|17,098|12,293|225,788|29,319|23,174|港元
01885|2016/09|609,880|99,807|75,113|512,736|82,590|63,728|人民币
06178|2016/08|23,144,272|9,772,719|7,646,516|8,475,693|2,788,504|2,068,307|人民币
01559|2016/08|719,770|36,247|27,003|693,150|25,958|17,410|港元
08300|2016/08|125,502|6,260|12,619|141,259|18,171|21,213|港元
08056|2016/08|462,921|25,713|18,120|468,241|33,334|23,378|港元
00436|2016/08|281,363|70,876|44,336|253,511|83,198|57,153|港元
06816|2016/07|572,928|111,904|95,998|272,760|46,588|37,060|港元
02278|2016/07|1,556,962|336,754|191,812|790,369|278,587|128,182|192,451|-46,375|-75,625|人民币
08293|2016/07|20,833|-1,362|-1,297|19,321|2,237|2,119|13,953|2,352|2,249|新加坡元
01589|2016/07|163,238|1,844,288|1,205,365|67,555|242,128|147,843|人民币
02136|2016/07|1,381,348|329,771|305,977|1,355,835|305,330|324,799|人民币
08333|2016/07|91,799|47,045|38,337|40,434|21,692|20,192|港元
01579|2016/07|847,339|165,559|124,547|498,231|57,167|42,510|人民币
01612|2016/07|448,169|69,218|58,153|388,977|54,116|35,759|港元
01573|2016/07|486,016|217,620|160,465|378,854|184,204|144,481|人民币
01523|2016/07|21,860|4,140|3,357|17,946|4,285|3,743|美元
01560|2016/07|78,672|42,130|37,102|611,811|232,728|196,090|港元
08360|2016/07|84,512|18,172|15,294|51,158|7,031|5,907|港元
02869|2016/07|2,918,627|283,766|197,818|2,204,565|199,832|148,911|人民币
01586|2016/07|155,789|33,023|27,607|139,480|44,568|38,044|人民币
08328|2016/07|45,864|-2,650|-4,543|42,505|11,931|9,933|港元
08232|2016/07|175,717|4,333|2,936|150,933|2,579|2,606|港元
01606|2016/07|10,640,918|1,299,626|1,052,506|11,324,892|2,379,559|1,916,061|人民币
08229|2016/07|515,704|11,475|8,131|441,805|12,874|10,775|港元
08281|2016/07|283,101|33,200|28,159|222,268|20,255|17,148|人民币
01583|2016/07|1,020,051|76,160|63,752|1,216,135|117,994|91,619|人民币
03958|2016/07|20,252,604|9,062,417|7,325,225|7,812,361|2,802,515|2,341,671|人民币
08292|2016/07|83,044|10,092|6,969|60,375|5,751|3,875|RM
01549|2016/07|459,171|44,599|38,228|594,751|42,772|34,598|港元
08102|2016/06|256,881|20,021|3,652|245,905|23,402|16,432|174,623|3,902|4,202|港元
08280|2016/06|605,983|82,354|120,219|406,369|-74,335|-66,582|人民币
01420|2016/06|99,322|14,041|11,536|92,412|17,318|14,261|新加坡元
02588|2016/06|1,090,722|401,433|343,307|988,433|352,766|308,574|美元
08161|2016/05|92,576|58|-2,256|86,933|12,736|10,549|港元
08187|2016/05|302,672|9,287|6,436|243,742|11,354|8,406|港元
01585|2016/05|6,429,187|490,867|375,467|5,824,142|305,481|223,464|人民币
08346|2016/05|131,288|21,184|16,444|136,563|19,260|14,610|港元
03626|2016/05|133,097|32,900|27,472|126,275|27,888|23,294|港元
08251|2016/04|99,762|18,032|13,386|81,839|19,824|16,553|65,296|11,373|9,496|港元
02738|2016/04|1,875,119|192,630|96,787|1,630,641|97,737|40,253|人民币
08217|2016/04|315,004|12,628|8,391|271,949|22,174|18,079|港元
08319|2016/04|287,881|332|-1,769|317,002|18,362|15,599|港元
01243|2016/04|645,486|393,429|410,000|1,228,771|540,638|459,688|港元
01982|2016/04|2,775,345|297,724|231,887|2,567,667|334,121|273,346|港元
08359|2016/04|151,863|8,787|4,216|98,931|10,977|9,055|72,833|12,412|10,306|港元
01496|2016/04|239,341|29,030|20,923|228,225|51,472|42,925|港元
01469|2016/04|509,887|414,305|344,489|290,488|230,806|191,985|港元
01570|2016/04|1,234,691|223,893|94,118|1,293,739|460,470|258,295|人民币
01419|2016/04|429,538|45,181|33,727|365,246|49,361|38,748|港元
03638|2016/03|1,206,159|39,550|23,448|920,269|40,068|25,347|港元
08262|2016/03|566,194|21,903|18,469|425,359|14,932|12,544|港元
02239|2016/03|65,141|3,934|3,323|56,007|5,542|5,460|美元
01578|2016/03|10,679,423|246,592|0|9,148,810|267,533|0|人民币
02016|2016/03|20,585,751|443,678|0|14,535,224|240,414|0|人民币
08318|2016/03|475,474|26,270|21,116|377,356|22,813|18,478|200,183|11,354|9,420|港元
01557|2016/03|492,649|51,701|40,303|357,313|57,061|46,581|港元
02138|2016/03|704,937|184,408|148,664|621,090|210,597|174,415|港元
06833|2016/03|1,096,071|86,638|69,614|950,079|93,812|69,367|人民币
02768|2016/03|1,872,615|509,360|280,744|2,318,266|376,860|170,955|人民币
08070|2016/02|175,573|1,683|-529|181,973|6,204|5,026|港元
08345|2016/02|30,062|10,807|8,729|22,813|9,642|9,642|人民币
03963|2016/01|226,943|106,431|65,563|港元
01565|2016/01|707,690|125,150|109,677|626,007|114,428|79,120|人民币
08282|2016/01|118,181|7,416|3,098|78,668|10,075|7,045|港元
03301|2016/01|7,414,576|2,052,675|1,432,813|4,099,230|587,852|506,507|人民币
01459|2016/01|4,424,646|134,392|98,517|4,289,367|116,858|82,450|人民币
08113|2016/01|1,309,764|17,013|12,483|962,876|25,606|20,032|港元
03773|2016/01|231,370|38,527|26,803|223,553|59,444|28,455|人民币
03326|2016/01|458,306|65,996|56,460|516,154|100,563|90,439|港元
03678|2015/12|292,583|90,017|70,170|273,875|76,901|58,204|人民币
01799|2015/12|9,440,899|966,775|611,817|7,402,520|1,023,838|574,833|人民币
01548|2015/12|86,709|22,976|17,504|69,994|7,836|6,175|美元
08230|2015/12|208,487|32,884|22,965|196,184|43,769|33,233|168,170|30,746|23,968|人民币
08331|2015/12|28,823|-9,039|-10,874|30,447|9,576|7,025|人民币
08012|2015/12|125,161|2,706|150|134,812|25,093|21,416|135,694|33,921|28,120|港元
01558|2015/12|692,910|339,605|265,750|440,904|205,445|135,343|人民币
01568|2015/12|4,133,146|430,735|381,579|2,336,708|205,790|177,880|港元
06196|2015/12|6,906,512|241,343|50,777|5,284,051|-127,639|37,348|人民币
01543|2015/12|285,634|192,615|112,104|307,343|208,793|145,258|人民币
01197|2015/12|1,002,901|209,661|181,977|678,600|147,479|131,789|人民币
01662|2015/12|577,333|106,201|86,001|港元
01786|2015/12|3,973,132|525,512|456,235|3,476,720|415,543|354,860|人民币
03600|2015/12|1,415,620|134,556|81,963|1,192,166|175,436|120,186|港元
02289|2015/12|3,397,133|41,575|26,359|3,014,059|45,935|36,445|人民币
01979|2015/12|2,255,954|156,228|127,601|1,930,514|90,063|54,717|港元
01447|2015/12|2,733,571|94,723|71,962|2,752,162|89,220|72,480|港元
03996|2015/12|205,692,949|8,609,214|4,235,671|183,823,961|5,986,204|2,152,848|人民币
00331|2015/12|2,825,107|152,888|149,151|2,555,017|140,344|131,200|港元
01341|2015/12|368,942|31,336|24,324|港元
08196|2015/12|166,985|20,412|16,917|122,222|26,607|22,712|人民币
00416|2015/12|10,804,313|212,281|0|5,628,423|49,863|0|3,821,442|25,384|0|人民币
03866|2015/12|4,114,054|141,827|0|3,596,336|79,965|0|人民币
01492|2015/12|483,058|128,835|98,139|721,555|194,092|148,348|人民币
01561|2015/12|331,572|27,468|44,305|328,047|19,771|41,431|港元
00722|2015/11|401,037|45,846|41,392|353,025|46,378|41,537|港元
06865|2015/11|2,833,306|486,404|392,667|人民币
01538|2015/11|361,202|78,218|56,031|人民币
03799|2015/11|14,894,003|2,761,528|2,076,716|人民币
02120|2015/11|296,296|67,818|51,198|人民币
00932|2015/11|227,677|40,216|31,521|港元
08368|2015/11|56,144|9,491|6,493|人民币
01452|2015/11|217,142|85,883|73,535|人民币
08182|2015/11|70,159|6,842|2,016|66,392|13,627|10,041|人民币
01556|2015/11|1,381,489|115,528|98,590|港元
03908|2015/11|6,128,464|1,438,083|1,118,453|人民币
01495|2015/11|333,818|60,872|42,004|人民币
08366|2015/11|157,346|14,601|11,431|港元
02799|2015/10|51,060,704|16,702,297|10,656,207|人民币
01389|2015/10|268,425|29,352|24,132|港元
01508|2015/10|77,799,130|6,112,908|5,404,320|人民币
02669|2015/10|2,163,724|132,309|97,088|港元
01532|2015/10|397,923|80,337|58,580|人民币
01533|2015/10|545,239|100,043|65,409|人民币
01476|2015/10|2,248,109|822,182|654,105|人民币
01527|2015/10|781,905|100,168|74,189|人民币
08327|2015/10|159,323|21,797|16,216|45,685|6,181|4,808|港元
08122|2015/10|207,031|21,312|17,796|172,221|14,849|12,346|港元
08141|2015/10|197,435|18,060|11,921|205,285|12,229|9,727|港元
08290|2015/10|53,973|18,099|18,467|港元
08057|2015/10|145,687|17,290|14,159|港元
01970|2015/10|78,218|31,164|22,781|美元
02199|2015/10|4,192,009|417,025|337,806|港元
08127|2015/10|140,739|18,011|14,780|126,689|11,412|9,490|港元
08248|2015/09|199,554|23,214|19,120|191,961|13,679|11,288|港元
08245|2015/09|346,191|15,466|10,536|港元
02086|2015/09|246,323|27,396|23,724|港元
08369|2015/09|135,493|29,040|24,253|145,505|20,484|16,863|港元
08177|2015/09|134,132|31,627|25,563|99,077|22,299|18,469|60,150|2,747|2,290|港元
00974|2015/09|1,053,359|42,131|30,951|人民币
01683|2015/09|159,527|25,053|21,255|113,786|28,107|23,200|港元
00863|2015/09|303,903|55,839|41,023|人民币
01499|2015/09|305,313|50,854|38,499|港元
01483|2015/08|398,068|27,227|21,429|港元
01718|2015/08|408,128|77,398|62,000|港元
08316|2015/08|130,791|15,672|11,874|港元
03969|2015/08|17,328,643|2,433,588|2,033,469|人民币
03966|2015/08|373,162|30,130|23,632|港元
01486|2015/08|384,384|37,403|28,798|港元
06896|2015/07|606,801|156,838|121,893|人民币
03737|2015/07|595,565|114,810|86,688|人民币
08027|2015/07|11,850|2,828|2,565|新加坡元
08361|2015/07|53,433|19,839|13,645|39,368|8,331|4,817|人民币
02666|2015/07|1,552,682|611,082|456,638|人民币
01498|2015/07|366,352|42,330|34,463|港元
01509|2015/07|935,839|139,761|103,379|833,200|87,590|66,839|人民币
06836|2015/07|447,678|115,896|89,311|人民币
00799|2015/07|204,612|71,615|66,373|美元
01461|2015/07|322,053|0|80,291|人民币
06878|2015/07|118,091|98,782|73,013|人民币
02699|2015/07|2,135,612|575,836|330,179|人民币
01456|2015/07|2,131,656|946,867|714,955|人民币
02286|2015/07|825,888|166,632|104,342|人民币
03839|2015/07|117,131|19,180|19,430|美元
01986|2015/07|897,477|226,234|144,859|人民币
02193|2015/07|260,845|48,457|34,985|港元
03882|2015/07|2,092,385|246,484|201,906|港元
03396|2015/06|289,475,832|11,268,563|4,160,389|人民币
06133|2015/06|1,916,183|193,660|156,225|人民币
01528|2015/06|7,935,131|5,336,038|3,632,917|人民币
02686|2015/06|425,895|283,568|194,988|人民币
00574|2015/06|847,193|118,832|45,944|人民币
06183|2015/06|545,665|178,534|175,088|人民币
06108|2015/06|206,928|43,858|29,681|港元
08097|2015/06|33,025|25,738|21,217|16,474|11,184|9,405|港元
01530|2015/06|1,130,854|361,567|291,728|人民币
08038|2015/06|384,752|23,957|11,693|366,499|17,141|7,301|港元
01113|2015/06|6,901|36,445|35,569|港元
06886|2015/06|15,656,869|5,629,825|4,486,276|人民币
01520|2015/06|379,715|31,809|25,679|港元
08121|2015/05|140,278|12,120|9,118|港元
08355|2015/05|111,482|9,592|4,841|港元
06839|2015/05|1,100,761|246,697|166,495|人民币
01301|2015/05|444,313|103,148|74,326|人民币
01470|2015/05|442,955|28,373|16,170|446,913|45,885|34,402|港元
08133|2015/04|61,194|-399|-1,811|港元
06826|2015/04|515,940|215,616|183,582|人民币
01500|2015/04|386,719|89,807|72,653|港元
01776|2015/04|16,146,914|6,461,374|5,022,568|人民币
01245|2015/04|32,886|5,610|3,030|日圆
03606|2015/03|12,928,182|2,834,176|2,219,245|人民币
01415|2015/03|886,467|70,686|53,245|美元
08305|2015/03|129,765|9,348|7,224|港元
08105|2015/03|18,823|7,773|3,206|RM
01468|2015/03|301,596|22,048|36,639|港元
08140|2015/03|54,803|17,024|14,191|港元
00001|2015/03|1,562|2,176|53,869|港元
01566|2015/03|488,283|151,846|75,632|港元
01310|2015/03|2,131,581|105,038|53,550|港元
01858|2015/03|134,534|42,248|37,031|人民币
01430|2015/03|785,592|148,990|116,360|人民币
00442|2015/03|1,036,824|48,122|20,342|港元
08277|2015/02|308,290|10,970|2,119|港元
08238|2015/02|28,249|13,753|6,627|港元
01027|2015/02|602,516|102,498|73,168|人民币
08093|2015/02|80,586|15,692|12,896|港元
01327|2015/01|722,722|161,992|115,165|人民币
08139|2015/01|92,029|21,221|12,143|人民币
08067|2015/01|59,643|42,723|40,405|人民币
06822|2015/01|1,359,459|116,999|95,146|港元
06161|2015/01|285,352|69,486|57,325|港元
01993|2015/01|1,320,686|229,564|142,555|港元
01362|2015/01|1,412,068|12,306|-15,775|港元
03708|2015/01|600,392|53,239|45,976|港元
06866|2015/01|160,237|124,575|93,399|人民币
02212|2015/01|2,858|-12,459|-12,234|人民币
01326|2015/01|134,788|26,008|26,386|港元
08268|2015/01|750,075|-1,336|-3,977|港元
01673|2015/01|308,906|36,143|28,496|人民币
08267|2014/12|678,684|2,741|-154,582|人民币
01035|2014/12|253,193|17,681|33,290|人民币
02277|2014/12|808,083|81,930|65,771|港元
02066|2014/12|9,901,172|-64,840|2,338|人民币
01381|2014/12|793,967|297,446|191,038|港元
03699|2014/12|57,119|63,880|31,427|人民币
01958|2014/12|56,370,306|1,421,798|4,510,807|人民币
08307|2014/12|66,738|15,036|3,328|港元
01438|2014/12|165,064|51,363|35,764|139,715|50,483|35,289|124,161|36,171|24,953|116,832|23,692|17,185|美元
00520|2014/12|2,201,989|186,043|141,193|人民币
01669|2014/12|107,767|43,624|35,552|港元
06869|2014/12|5,676,782|553,747|466,344|人民币
01816|2014/12|20,414,523|9,266,650|6,192,761|人民币
01480|2014/12|663,566|50,857|44,209|港元
08170|2014/12|63,413|30,077|24,958|港元
01022|2014/12|339,071|149,007|117,885|人民币
01478|2014/12|2,161,084|262,248|195,506|人民币
06882|2014/11|1,685,245|90,175|74,507|港元
01317|2014/11|540,269|104,719|40,036|人民币
01305|2014/11|1,165,579|81,588|61,193|港元
01443|2014/11|2,528,689|200,970|160,292|港元
01289|2014/11|314,298|141,862|111,602|人民币
06118|2014/11|679,750|84,410|65,193|人民币
01466|2014/10|270,709|16,532|10,056|港元
06893|2014/10|214,959|25,855|11,051|港元
03822|2014/10|851,285|254,100|219,168|港元
01462|2014/10|581,494|55,697|45,278|港元
01347|2014/10|664,586|114,829|93,090|美元
08363|2014/10|56,195|-427|-2,317|港元
08195|2014/10|350,386|-4,064|-18,391|港元
02280|2014/10|966,637|193,936|187,633|人民币
06116|2014/10|7,814,169|733,560|503,452|人民币
01811|2014/10|1,379,552|149,901|202,203|美元
08222|2014/09|80,416|-12,241|-12,697|港元
01395|2014/09|85,183|22,136|9,267|港元
01285|2014/09|840,058|89,833|71,689|人民币
02221|2014/09|780,854|69,990|53,352|港元
00699|2014/09|3,520,436|513,327|436,113|人民币
924|2019/07|33,732|4,261|3,501|30,795|4,472|3,826|38,573|3,599|3,060|新加坡元
3798|2019/07|439,530|253,139|204,091|261,751|154,677|118,569|51,946|30,103|23,256|人民币
1901|2019/06|492,851|33,618|23,496|464,844|40,529|29,947|410,115|25,441|17,943|人民币
1930|2019/06|217,216|38,071|31,351|178,450|43,370|37,572|130,705|24,487|20,922|人民币
1943|2019/06|399,875|37,848|29,333|361,873|44,712|37,222|378,627|21,956|18,359|199,423|21,708|18,072|港元
1286|2019/06|3,749,113|574,432|409,603|3,049,143|556,345|401,559|2,547,214|487,953|339,373|港元
1701|2019/06|205,051|10,771|6,994|168,867|29,660|21,639|227,830|21,980|15,246|人民币
1842|2019/06|677,464|41,592|27,119|660,048|40,354|28,329|630,370|33,763|24,618|港元
1909|2019/06|160,700|119,548|89,863|80,304|59,595|43,399|44,977|25,932|22,022|30,062|10,807|8,729|22,813|9,642|9,642|人民币
1849|2019/06|26,554|5,127|3,985|20,732|3,769|3,242|17,248|3,303|2,856|新加坡元
1951|2019/06|921,994|276,588|166,600|662,774|241,582|98,783|346,408|109,345|87,584|人民币
1861|2019/06|610,864|61,592|41,686|518,381|50,376|39,210|526,855|92,673|69,368|港元
1769|2019/06|493,115|85,745|72,214|375,798|44,223|29,613|170,757|13,791|10,376|人民币
6117|2019/06|532,061|198,609|149,152|520,514|170,386|126,982|488,214|104,813|78,402|人民币
1935|2019/06|301,818|288,164|156,046|171,993|191,595|122,005|162,481|171,225|96,532|人民币
3877|2019/06|2,104,811|582,645|690,089|1,329,949|359,695|608,438|1,031,641|231,457|433,780|港元
3692|2019/06|7,722,278|2,309,325|1,903,048|6,185,537|1,932,791|1,595,473|5,432,960|1,804,278|1,476,034|人民币
6811|2019/06|3,126,053|357,676|304,934|2,771,277|270,541|115,682|2,512,970|247,732|108,644|港元
2189|2019/06|174,752|47,501|37,882|156,013|44,019|36,437|150,195|40,064|33,482|142,379|36,436|30,842|港元
6055|2019/06|7,032,671|324,689|259,484|7,806,936|430,539|344,330|6,310,334|416,441|334,559|港元
667|2019/06|3,264,964|687,004|510,093|2,850,165|832,155|641,621|2,335,730|719,657|565,478|人民币
1905|2019/06|5,332,323|1,755,325|1,215,258|4,036,776|1,649,315|1,166,661|3,163,655|1,113,263|739,021|人民币
2181|2019/05|0|-152,593|-124,883|0|-47,706|-31,064|人民币
1521|2019/05|83,114|12,389|11,241|70,245|19,213|10,165|48,644|9,802|6,646|美元
3868|2019/05|1,200,556|870,863|745,027|1,116,044|812,466|719,639|968,291|710,635|659,005|港元
2060|2019/05|1,383,335|172,451|115,851|1,317,693|100,849|71,514|1,081,887|84,834|58,403|人民币
1817|2019/05|3,787,042|508,234|380,093|3,510,301|587,403|381,404|3,017,838|573,309|274,902|人民币
2230|2019/05|475,522|118,259|105,579|313,876|105,812|93,899|263,823|62,693|53,592|171,091|44,650|35,354|港元
2346|2019/05|389,722|64,176|50,990|307,599|50,443|38,716|239,212|38,610|30,322|人民币
1832|2019/05|100,178|12,419|11,694|89,430|15,733|12,982|81,238|14,288|12,405|美元
1903|2019/05|537,816|44,675|23,077|514,071|36,646|21,235|281,696|26,826|16,448|RM
1873|2019/05|210,033|107,609|90,550|148,245|89,229|76,260|96,492|29,771|24,473|人民币
1867|2019/05|251,386|20,932|16,129|240,798|27,372|21,940|165,715|18,017|13,210|140,719|13,025|9,957|134,047|12,401|10,545|港元
1857|2019/05|4,768,318|1,051,317|676,459|3,591,633|844,447|513,356|2,494,037|537,476|349,343|人民币
1753|2019/05|1,137,032|-299,078|-291,582|645,792|98,363|98,108|51,138|-89,672|-87,439|人民币
8635|2019/05|44,242|9,087|6,485|43,474|9,493|6,426|44,255|16,113|13,363|港元
1780|2019/04|300,926|43,127|33,394|233,723|57,589|50,273|272,585|60,453|32,251|143,955|33,955|15,046|港元
6806|2019/04|21,514,812|4,975,669|4,160,189|20,637,454|5,704,322|4,599,683|21,480,944|6,173,551|5,409,058|人民币
1906|2019/04|333,725|30,339|26,702|314,583|20,849|18,403|326,535|21,393|19,268|人民币
1545|2019/04|109,744|9,504|5,656|100,929|10,215|7,057|90,535|7,472|4,208|新加坡元
3321|2019/04|326,774|39,174|31,831|189,111|29,729|23,958|114,676|20,835|17,991|113,973|19,324|17,030|MOP
2660|2019/04|554,950|121,020|108,809|459,724|74,951|66,396|337,953|40,883|40,411|人民币
2718|2019/04|815,777|603,479|452,517|461,960|348,523|260,773|332,419|232,745|174,485|人民币
6185|2019/03|1,132|-138,578|-138,281|0|-63,796|-64,450|0|-52,686|-49,851|人民币
1797|2019/03|650,457|90,671|91,375|446,215|100,667|93,960|334,205|67,138|59,551|人民币
8537|2019/03|175,589|3,908|2,223|173,020|8,012|4,630|203,464|9,881|4,439|港元
6819|2019/03|34,037|6,046|3,049|31,399|9,774|7,812|30,834|13,234|7,009|30,135|8,689|4,818|美元
1865|2019/03|30,211|1,760|684|23,419|5,281|4,498|28,408|3,599|3,250|29,502|4,875|4,021|新加坡元
1854|2019/03|185,939|20,863|16,059|176,841|27,808|22,861|166,300|7,674|3,410|166,230|14,295|11,073|152,286|10,817|8,753|港元
1897|2019/03|376,621|28,254|22,882|421,146|64,950|50,112|501,938|67,050|55,337|367,768|35,139|31,264|港元
3662|2019/03|618,835|108,495|78,144|435,977|100,406|69,750|265,440|59,393|41,005|179,463|37,518|26,915|人民币
2682|2019/03|181,010|15,974|11,753|213,048|42,486|32,398|190,392|32,997|22,162|148,373|18,515|10,644|港元
3316|2019/03|509,470|95,476|70,177|349,264|77,839|57,173|225,924|29,469|22,297|158,866|15,241|11,469|人民币
8096|2019/03|108,673|-8,801|-12,261|99,637|15,354|12,972|83,832|7,693|6,234|港元
1907|2019/03|20,583,079|2,619,531|2,088,668|18,658,278|1,184,312|754,674|12,216,609|760,028|359,299|9,993,063|-8,502|-507,116|人民币
1563|2019/03|358,061|62,683|40,598|308,747|52,229|36,576|300,870|46,429|29,279|145,996|11,400|8,572|人民币
1891|2019/03|894,405|32,478|24,622|739,428|31,642|22,835|378,529|16,861|12,061|429,564|19,678|13,634|RM
1917|2019/03|352,611|42,866|43,219|222,927|33,781|34,761|199,967|32,308|23,524|135,344|29,653|21,466|人民币
1158|2019/03|1,797,968|236,121|186,787|1,664,643|225,021|163,042|1,602,006|119,651|84,324|1,522,082|55,814|30,107|人民币
150|2019/03|672,192|76,649|61,798|385,079|55,194|45,171|217,620|28,061|23,305|151,863|8,787|4,216|98,931|10,977|9,055|港元
2108|2019/03|44,995|4,370|3,999|43,975|6,101|5,511|36,596|6,381|6,215|39,224|4,098|3,974|新加坡元
1902|2019/03|5,070,094|950,484|442,440|4,675,644|523,974|420,219|2,502,980|658,206|348,144|2,090,887|426,619|91,700|人民币
1872|2019/02|184,993|10,751|7,430|204,899|11,204|7,996|144,375|6,808|4,636|新加坡元
1025|2019/02|208,403|30,512|23,817|169,284|29,377|23,832|165,214|14,803|12,089|港元
1793|2019/02|980,828|50,620|41,407|722,075|38,114|31,818|422,319|23,713|20,208|港元
8607|2019/02|332,336|50,645|39,293|238,309|20,446|13,947|242,386|12,761|8,353|人民币
2616|2019/02|0|-1,793,129|-469,830|0|-342,547|-107,445|0|-253,039|-117,108|人民币
2019|2019/02|8,212,074|2,662,856|1,453,456|6,553,989|1,379,226|737,543|6,979,701|1,080,536|330,809|5,695,479|394,090|30,950|人民币
8036|2019/02|53,291|3,369|882|48,665|12,104|9,877|47,874|9,604|6,789|港元
1827|2019/02|127,213|31,457|26,513|100,104|3,509|59|83,352|21,951|18,488|74,000|15,232|13,495|港元
1703|2019/02|770,143|64,653|52,982|635,106|49,908|40,394|596,013|49,844|42,294|港元
1850|2019/02|223,407|29,259|24,085|171,449|5,223|1,649|123,989|15,472|12,836|79,882|7,668|6,422|港元
1896|2019/02|3,754,959|-139,444|-138,396|2,547,982|-66,028|-75,111|1,377,512|-494,730|-508,162|596,738|-1,300,839|-1,297,432|人民币
1890|2019/01|575,451|341,956|341,956|455,382|230,876|230,876|349,887|179,274|179,274|256,097|119,503|119,503|人民币
1851|2019/01|156,605|27,637|24,908|139,020|38,110|41,196|133,974|38,817|39,894|120,855|37,645|36,841|人民币
6162|2019/01|263,820|40,433|28,016|241,659|48,629|35,055|120,897|32,217|24,981|95,088|26,886|20,730|人民币
2013|2019/01|865,031|-41,892|-1,089,206|534,011|2,755|2,831|189,174|-85,159|-77,323|114,008|-89,228|-88,512|人民币
1785|2019/01|1,830,227|501,151|415,488|1,784,298|406,580|338,916|1,185,201|373,723|278,456|785,090|360,220|244,937|人民币
1767|2019/01|58,582|3,715|2,137|55,512|7,202|5,974|57,327|6,814|5,711|50,305|4,078|3,268|新加坡元
2885|2019/01|262,080|19,806|11,507|238,406|44,215|34,469|251,875|33,359|26,038|291,576|30,491|24,919|港元
2360|2019/01|1,075,930|68,796|53,599|689,994|33,072|25,144|472,831|16,822|12,450|港元
1841|2019/01|164,370|48,643|40,688|128,860|33,012|27,604|99,762|18,032|13,386|81,839|19,824|16,553|港元
8631|2019/01|443,436|7,706|4,882|387,369|14,776|12,355|193,935|5,572|5,051|港元
1743|2019/01|630,323|258,513|220,192|669,813|286,220|239,352|444,160|142,961|117,495|362,687|50,199|35,985|人民币
6058|2019/01|1,011,046|200,550|143,801|927,724|178,085|152,832|507,300|133,376|101,120|364,324|48,069|50,504|120,002|23,119|18,771|港元
1845|2019/01|480,091|67,970|49,799|189,407|37,054|30,195|88,971|20,213|19,523|74,883|20,277|15,615|人民币
1796|2018/12|560,283|46,921|38,594|346,391|33,049|27,139|240,149|14,427|11,860|港元
1759|2018/12|1,220,011|70,338|37,634|1,095,339|119,980|82,250|878,373|132,652|80,813|662,428|37,810|60,906|人民币
1713|2018/12|2,031,095|229,942|169,150|1,853,243|174,242|125,311|1,691,675|177,446|116,605|1,614,602|176,585|98,148|人民币
3978|2018/12|1,473,748|109,008|54,899|1,141,701|83,418|48,982|896,131|97,758|46,388|759,991|99,404|59,241|人民币
1877|2018/12|934|-717,713|-716,414|1,148|-320,744|-320,844|3,757|-131,249|-131,020|人民币
1820|2018/12|2,019,410|127,956|90,272|1,664,102|120,241|85,894|1,186,794|70,845|53,145|1,075,227|51,587|30,183|人民币
1762|2018/12|1,546,316|101,876|-421,541|485,636|12,874|-145,090|40,552|-56,264|-98,037|15,295|-13,108|-16,154|人民币
2892|2018/12|567,827|197,775|33,375|973,093|141,940|38,592|894,784|187,040|68,007|58,482|8,236|418|人民币
1675|2018/12|5,210,977|314,372|204,134|4,948,324|423,502|328,765|4,855,953|141,018|-211,415|4,764,871|397,412|-105,212|人民币
1995|2018/12|1,075,830|139,301|100,521|725,317|104,285|76,442|479,963|45,192|33,600|334,002|21,220|15,562|人民币
1983|2018/12|1,772,398|159,822|3,640|1,574,335|107,511|2,544|1,155,636|150,851|2,914|885,201|54,474|7,829|人民币
1992|2018/12|16,269,819|1,741,835|308,441|11,799,394|73,389|-196,502|10,782,975|63,130|-350,212|8,902,569|-376,206|-630,952|人民币
8622|2018/12|28,677|1,242|-459|26,541|-247|-1,952|25,410|9,944|8,426|19,456|9,203|7,934|人民币
2359|2018/12|9,613,684|2,596,400|2,260,523|7,765,260|1,689,807|1,227,093|6,116,131|1,441,018|974,980|4,883,349|858,867|348,968|人民币
2798|2018/12|719,412|256,808|176,243|627,006|260,612|82,799|397,261|103,593|51,031|467,938|92,263|44,360|人民币
8621|2018/12|47,987|342|444|49,661|7,276|5,082|44,098|8,897|6,510|人民币
1837|2018/12|1,818,066|127,633|105,239|1,576,145|204,311|185,699|1,205,504|135,356|87,607|937,085|89,371|28,679|人民币
1860|2018/12|434,727|26,939|21,854|312,956|30,604|27,167|283,923|22,926|19,730|167,207|10,291|8,711|美元
3992|2018/12|668,275|44,465|36,546|611,414|23,725|18,336|516,478|18,067|13,788|港元
3668|2018/12|4,850|1,116|852|2,601|303|246|1,238|-307|-227|1,319|-317|-291|澳元
2168|2018/12|895,768|111,810|54,056|669,159|98,467|71,441|539,107|85,659|58,114|478,028|89,037|57,720|人民币
1119|2018/12|2,364,641|329,366|246,384|1,763,548|210,391|150,134|1,480,792|24,958|5,430|1,566,684|112,454|75,097|人民币
1790|2018/11|366,381|122,531|58,915|207,419|105,547|46,218|250,521|111,629|45,596|港元
1782|2018/11|109,103|30,959|22,175|74,255|13,091|10,221|51,529|21,558|18,331|40,991|11,656|9,771|人民币
1761|2018/11|729,624|172,448|-911,138|509,732|-42,541|-934,539|200,003|-187,914|-286,420|人民币
780|2018/11|2,518,591|28,714|195,575|2,204,565|-2,115,907|-2,139,267|1,026,124|-942,961|-916,266|人民币
6890|2018/11|1,497,537|106,028|66,162|1,264,109|58,801|33,932|1,140,716|45,386|16,523|人民币
2258|2018/11|1,411,968|115,265|87,274|1,263,785|103,510|74,963|1,124,654|90,435|63,751|人民币
1835|2018/11|130,875|64,097|65,014|83,422|59,915|43,109|34,869|12,401|10,348|人民币
3616|2018/11|1,549,878|301,436|147,794|930,859|189,844|74,108|1,038,296|179,706|67,010|人民币
8259|2018/11|100,841|6,385|5,044|54,942|1,369|1,243|新加坡元
1755|2018/11|866,370|106,204|73,406|573,372|65,686|43,333|400,257|40,774|22,209|人民币
1712|2018/11|41,270|-583|-583|55,039|5,363|5,363|76,836|2,563|2,563|澳元
1801|2018/10|18,538|-716,050|-562,318|0|-544,456|-504,204|人民币
1034|2018/10|397,349|55,935|45,611|359,441|34,073|28,467|236,679|16,625|14,211|港元
8611|2018/10|38,929|16,604|16,533|13,986|8,448|8,393|RM
1825|2018/10|676,856|31,739|20,012|670,955|39,900|31,114|556,113|34,426|26,154|港元
1653|2018/10|190,839|22,644|17,077|183,444|37,644|30,637|202,112|22,168|14,229|173,805|40,074|33,014|港元
8613|2018/10|106,083|1,853|-1,094|97,427|10,893|8,593|101,250|14,658|7,635|港元
1741|2018/10|379,575|15,289|9,909|359,311|28,913|23,677|426,951|24,405|20,350|390,423|28,788|23,807|港元
8603|2018/10|88,659|19,395|15,849|63,276|15,953|13,599|港元
8516|2018/10|91,764|10,065|6,854|73,569|19,604|16,458|52,847|13,127|11,003|港元
8042|2018/10|65,426|20,009|16,145|46,670|6,857|5,824|港元
1894|2018/10|199,199|62,534|52,224|161,483|46,488|38,093|122,698|35,431|29,406|港元
3990|2018/10|17,716,924|3,637,334|1,912,442|11,992,340|1,951,025|1,007,387|8,312,707|1,089,141|391,076|人民币
6111|2018/10|4,569,636|338,135|137,495|704,646|86,683|24,723|688,995|148,556|58,380|人民币
1772|2018/10|4,171,201|2,342,087|2,095,548|2,633,456|1,189,925|1,117,007|1,344,179|243,649|218,227|人民币
1939|2018/10|173,266|58,221|44,063|148,048|41,261|30,780|138,613|30,419|18,497|港元
1809|2018/10|4,840,396|276,332|173,698|3,821,728|414,994|291,206|3,521,879|349,873|163,144|人民币
1736|2018/10|91,132|42,008|34,584|84,913|43,443|44,867|79,774|33,705|34,525|53,433|19,839|13,645|人民币
1540|2018/10|79,206|7,912|5,690|86,977|8,362|14,894|80,745|4,701|12,047|澳元
1781|2018/10|325,814|38,994|27,411|300,632|36,509|26,335|315,527|37,664|29,273|301,987|23,077|16,461|港元
8017|2018/09|43,209|643|-1,069|40,398|-75|-2,628|33,277|4,500|3,428|港元
1787|2018/09|51,041,303|2,126,489|1,118,920|49,072,691|2,034,924|1,286,642|38,774,481|1,397,460|647,930|人民币
1911|2018/09|139,414|-6,158|32|133,363|39,524|31,833|120,171|58,594|28,844|美元
1723|2018/09|193,244|25,012|19,393|191,981|32,228|26,312|200,316|26,612|23,011|港元
6862|2018/09|10,637,170|1,624,568|1,027,845|7,807,686|1,345,877|735,169|5,756,682|560,108|272,693|人民币
1748|2018/09|33,727|9,613|5,489|15,457|6,434|4,390|10,760|4,025|3,377|美元
3690|2018/09|33,927,987|-3,826,092|-18,916,617|12,988,077|-6,255,413|-5,789,900|4,018,959|-8,473,935|-10,519,338|人民币
8619|2018/09|69,089|4,547|2,089|70,569|19,667|16,286|68,009|16,238|13,281|港元
2680|2018/09|84,374|30,795|25,431|36,010|20,271|16,847|29,768|18,825|15,727|港元
2552|2018/09|0|-280,688|-272,714|0|-362,408|-361,328|人民币
8601|2018/09|86,221|20,562|17,190|71,313|16,971|14,162|港元
1969|2018/09|487,791|119,773|118,948|460,889|151,649|151,649|378,632|109,758|109,758|336,252|-62,776|-62,776|人民币
1615|2018/09|185,201|40,573|35,801|371,255|66,444|60,266|399,079|59,391|53,886|524,729|58,719|53,850|MOP
8609|2018/09|25,123|936|473|19,914|1,941|1,748|17,729|1,390|1,396|新加坡元
8482|2018/09|197,942|14,975|10,333|79,316|13,692|11,481|76,255|7,563|6,328|港元
1869|2018/09|307,001|30,675|23,188|278,429|24,444|11,348|256,881|20,021|3,652|245,905|23,402|16,432|港元
8210|2018/08|76,759|7,800|4,778|59,752|14,222|11,857|60,206|16,147|13,491|港元
1783|2018/08|448,556|29,099|23,324|371,698|27,809|22,475|323,375|23,566|19,662|港元
1725|2018/08|370,162|34,451|28,511|267,890|27,759|22,081|182,925|20,552|13,992|人民币
8475|2018/08|13,851|1,924|1,610|9,219|1,309|1,129|新加坡元
6160|2018/08|254,694|-82,150|-96,034|1,070|-117,060|-119,217|美元
788|2018/08|68,665|7,715|1,943|55,997|5,070|76|8,802|-4,161|-3,596|人民币
1765|2018/08|752,434|229,425|211,712|614,399|159,277|154,991|486,714|69,090|65,191|人民币
1672|2018/08|53,202|-80,441|-53,935|32,976|-31,873|-26,807|人民币
1758|2018/07|181,240|36,856|35,050|135,371|34,090|29,783|103,223|22,277|21,696|人民币
2048|2018/07|4,633,360|971,109|352,020|3,996,129|789,336|486,969|2,716,446|289,133|165,209|人民币
8512|2018/07|162,525|-8,986|-9,855|158,434|11,112|8,557|146,006|14,200|11,032|港元
1576|2018/07|1,045,060|709,365|528,152|999,846|658,274|443,226|861,949|433,727|250,296|人民币
8525|2018/07|60,808|27,409|20,689|39,940|18,788|14,962|人民币
8547|2018/07|278,628|4,960|3,123|244,441|7,581|5,420|港元
797|2018/07|445,295|293,558|257,181|403,151|-2,083|-16,840|375,611|171,777|168,731|人民币
3302|2018/07|128,952|9,865|8,032|106,997|3,661|3,096|106,896|13,963|11,234|新加坡元
8540|2018/07|56,433|21,229|17,653|30,235|8,863|7,094|港元
8606|2018/07|180,970|8,054|5,985|184,247|21,462|17,197|187,334|18,849|15,755|港元
1968|2018/07|648,219|151,695|126,478|475,039|108,956|91,850|400,556|114,970|103,962|港元
1715|2018/07|255,384|26,667|20,394|228,092|28,160|23,896|216,750|21,375|17,523|人民币
1721|2018/07|20,791|6,501|6,138|12,598|2,664|2,244|18,531|5,607|5,585|新加坡元
2051|2018/07|2,268,580|705,679|-1,371,270|571,046|59,668|-2,231,442|89,727|-165,951|-693,303|人民币
1775|2018/07|408,120|31,064|25,883|376,396|41,949|34,426|376,225|37,799|30,546|327,817|36,915|30,769|港元
1731|2018/07|258,498|25,630|21,082|220,457|22,535|18,595|225,342|17,457|13,818|美元
6860|2018/07|1,197,230|270,912|240,792|984,777|189,964|216,570|275,789|4,355|3,392|人民币
3700|2018/07|3,941,596|871,182|-239,412|4,334,859|493,901|-1,467,126|28,702|1,903|-49,416|人民币
8219|2018/07|174,817|6,016|3,960|151,892|5,902|4,067|港元
8140|2018/07|55,267|660|-1,165|50,317|2,826|944|54,803|17,024|14,191|港元
1760|2018/07|1,473,484|139,205|122,406|1,150,173|110,452|93,796|732,262|102,547|87,384|人民币
1739|2018/07|479,055|-108,512|-824,089|300,850|-154,159|-401,191|141,412|-162,688|-344,876|人民币
1996|2018/07|6,139,672|1,969,269|1,220,728|8,775,465|1,676,664|931,080|5,376,799|2,223,205|1,328,654|人民币
1773|2018/07|468,017|137,013|131,218|326,355|75,080|71,115|218,044|19,330|16,571|人民币
1746|2018/07|125,846|28,734|23,404|110,467|21,281|17,703|128,030|24,885|20,716|港元
1652|2018/07|452,580|122,180|96,820|441,988|118,592|95,073|368,634|86,853|44,879|人民币
8502|2018/07|63,638|5,794|-1,940|49,008|7,855|3,441|47,310|6,995|4,063|人民币
6190|2018/07|5,639,259|-134,451|10,528|4,910,647|-68,376|7,949|4,567,653|246,480|7,492|人民币
8223|2018/07|52,060|15,942|9,565|29,546|7,536|5,217|10,807|958|488|人民币
1810|2018/07|114,624,742|12,215,467|-43,826,016|68,434,161|3,785,064|553,250|66,811,258|1,372,670|-7,581,295|人民币
1763|2018/07|2,672,045|530,053|271,454|2,363,122|498,361|262,108|2,152,134|462,608|254,205|人民币
2262|2018/07|434,822|101,322|72,251|318,608|79,531|60,007|249,865|45,093|34,701|港元
8305|2018/07|178,565|5,914|3,514|134,066|13,227|11,172|129,765|9,348|7,224|港元
1592|2018/07|224,793|37,224|25,274|222,141|39,592|27,371|213,303|58,629|43,782|港元
6100|2018/06|824,662|26,361|8,998|587,099|-143,908|-139,179|345,608|-238,746|-230,716|人民币
1620|2018/06|153,862|18,358|12,365|153,164|48,354|34,998|136,196|34,176|25,489|港元
8146|2018/06|70,384|8,659|1,114|53,367|16,941|11,285|68,436|26,608|18,358|人民币
1749|2018/06|797,888|47,536|44,970|592,083|41,001|35,244|526,082|61,521|52,830|人民币
1587|2018/06|527,935|38,499|27,219|501,286|40,334|29,767|456,053|44,182|32,158|人民币
1916|2018/06|7,481,103|480,547|12,026|7,826,176|196,501|1,122|6,241,046|103,530|-11,715|人民币
2003|2018/06|2,706,382|347,400|-1,003,133|1,432,785|-349,783|-565,050|1,062,929|0|-303,143|人民币
6098|2018/06|3,121,852|581,131|401,743|2,358,449|477,319|324,181|1,672,464|293,292|220,453|人民币
8357|2018/06|9,957|2,048|2,008|7,128|2,273|1,975|新加坡元
1806|2018/06|1,726,256|162,525|138,239|1,094,777|149,384|125,193|555,715|3,599|-7,574|人民币
8403|2018/06|97,000|1,737|-784|88,304|14,938|10,990|89,768|0|10,489|人民币
1751|2018/06|186,168|30,543|25,023|125,671|6,753|3,560|120,072|18,154|14,197|117,129|12,842|9,129|港元
1757|2018/06|367,220|21,623|16,049|396,880|31,450|25,825|502,053|26,566|22,200|259,403|21,364|17,837|港元
6119|2018/06|81,599|38,761|19,244|73,697|29,314|12,392|71,188|21,722|7,481|人民币
1451|2018/06|225,750|24,205|17,498|267,895|39,891|31,374|242,344|54,857|49,254|港元
8545|2018/05|132,025|20,888|16,910|136,888|15,852|11,272|123,154|22,171|18,259|港元
8490|2018/05|180,522|4,401|1,992|156,409|12,252|9,920|110,125|4,400|3,888|港元
1978|2018/05|829,152|32,224|22,391|743,046|49,153|36,281|771,168|55,802|41,913|港元
3613|2018/05|1,265,994|597,684|489,967|1,084,280|527,499|420,315|970,477|452,475|354,249|761,051|343,519|287,124|港元
1598|2018/05|169,741|45,423|45,038|146,508|40,461|39,595|147,294|28,210|26,832|人民币
8536|2018/05|65,665|-4,364|-5,417|63,696|5,529|3,796|84,003|8,577|5,959|人民币
8521|2018/05|125,275|25,770|20,252|80,250|22,416|18,895|64,104|14,032|12,051|港元
8105|2018/05|29,795|15,998|11,022|18,823|7,773|3,206|RM
2119|2018/05|954,610|64,173|46,095|849,720|81,641|64,946|838,152|59,430|41,247|港元
8391|2018/05|80,610|-7,894|-8,789|83,538|1,979|1,900|98,360|1,108|1,816|港元
1752|2018/05|21,138|6,769|4,602|17,408|4,957|3,442|17,114|7,333|4,761|澳元
1742|2018/05|201,075|33,508|27,324|191,327|29,209|24,979|214,160|20,594|17,520|新加坡元
1750|2018/05|198,507|17,982|12,431|179,292|32,781|26,285|186,743|30,181|23,747|港元
8527|2018/05|19,688|-1,920|-2,262|15,400|1,644|1,368|12,906|939|737|新加坡元
8107|2018/05|71,399|25,192|22,465|46,016|45,209|42,874|110,839|56,867|53,300|港元
1833|2018/05|1,868,021|-996,425|-1,001,643|601,494|-740,045|-758,215|278,690|-323,103|-323,708|人民币
1671|2018/04|452,467|50,305|30,272|432,886|72,400|54,318|478,604|70,391|55,043|人民币
8151|2018/04|97,324|6,018|4,173|79,167|11,765|8,564|55,683|8,759|6,567|人民币
8511|2018/04|48,405|-7,475|-11,235|43,492|19,444|17,259|25,963|4,983|3,622|港元
1726|2018/04|14,937|6,068|5,151|9,793|3,021|2,681|13,245|4,120|3,467|新加坡元
8451|2018/04|12,186|1,018|740|12,343|1,520|1,267|新加坡元
8507|2018/04|121,150|5,504|2,741|116,154|17,535|14,518|94,155|11,838|9,907|港元
8241|2018/04|45,399|-1,164|-3,175|44,540|14,800|12,295|42,781|9,571|7,889|港元
8447|2018/04|262,758|8,645|5,556|234,873|13,508|11,312|194,780|12,669|10,616|港元
8372|2018/03|53,703|-447|-3,080|51,657|14,190|11,802|52,876|15,530|12,979|港元
1735|2018/03|215,692|17,082|10,728|184,363|32,483|26,956|212,488|36,045|30,065|176,456|10,398|8,444|港元
8401|2018/03|28,940|-24,380|-26,293|26,342|14,770|12,260|21,768|9,703|8,009|港元
8448|2018/03|142,583|-8,075|-9,154|133,869|4,862|3,391|124,048|6,734|5,267|港元
1716|2018/03|86,747|12,204|6,917|95,228|43,477|36,263|54,825|26,729|22,400|23,986|9,322|7,818|港元
2116|2018/03|186,823|32,616|27,377|135,650|39,123|33,346|114,373|27,645|23,202|105,130|19,393|16,420|人民币
3997|2018/03|99,295|29,523|25,270|105,445|27,393|22,650|122,494|26,918|22,381|126,415|29,723|24,480|港元
2779|2018/03|337,958|174,041|171,958|303,262|174,982|172,548|281,646|151,019|149,971|250,114|140,542|133,177|人民币
807|2018/03|4,639,274|1,018,138|535,653|2,648,097|548,717|454,926|人民币
8168|2018/03|24,514|9,890|7,316|23,024|15,598|13,030|14,715|10,446|8,803|港元
6036|2018/03|2,840,308|58,009|34,986|1,702,322|53,817|39,741|1,121,206|29,314|24,453|780,387|14,283|11,298|港元
2377|2018/03|1,329,078|-26,468|-36,418|1,352,955|178,624|152,041|1,351,416|158,909|137,585|1,238,759|118,376|103,640|人民币
2363|2018/03|580,481|27,139|22,863|463,937|31,490|24,104|422,665|35,931|25,709|376,294|35,497|26,032|港元
1737|2018/03|474,690|18,168|12,139|430,093|43,172|34,213|378,761|23,771|19,114|364,491|23,575|18,463|港元
1705|2018/03|452,125|24,851|14,085|367,978|35,177|27,356|299,770|26,309|19,808|282,558|20,734|13,666|港元
1815|2018/03|3,519,581|139,516|101,305|2,465,291|64,326|50,264|835,345|41,451|32,956|291,218|47,803|37,509|人民币
2182|2018/03|572,864|31,025|20,078|555,561|44,997|33,857|401,178|23,696|17,761|548,679|70,286|52,636|港元
1621|2018/03|828,139|12,265|6,816|671,805|25,657|20,983|730,471|26,715|22,219|894,725|11,370|9,475|港元
1933|2018/03|85,799|31,685|16,722|87,338|0|18,004|59,047|0|22,168|47,899|0|13,421|人民币
8483|2018/02|46,491|243|-3,486|47,453|11,076|5,976|49,753|11,658|5,969|港元
8526|2018/02|166,082|8,030|5,211|134,366|17,935|15,405|128,592|17,855|15,684|港元
8367|2018/02|149,715|8,711|6,292|132,603|7,356|5,299|港元
8532|2018/02|109,607|9,467|7,182|172,029|19,691|16,425|港元
8379|2018/02|63,522|16,570|13,524|59,065|15,817|13,049|港元
8040|2018/02|225,870|16,583|13,518|178,205|14,834|12,390|港元
8510|2018/02|79,951|10,464|7,406|72,898|12,843|6,958|港元
8522|2018/02|430,524|27,992|23,626|255,997|13,509|11,380|港元
1183|2018/02|658,746|86,668|78,194|464,882|82,918|68,001|543,424|113,139|97,075|446,244|84,275|72,953|MOP
1729|2018/02|864,571|97,344|81,684|911,593|83,119|71,599|941,482|72,211|66,717|港元
8523|2018/02|89,977|12,396|9,744|40,298|7,525|5,326|港元
8535|2018/02|161,167|18,024|14,987|122,849|10,262|8,721|港元
8473|2018/02|103,424|13,255|9,600|82,106|21,051|17,591|48,598|8,614|7,284|港元
1690|2018/02|282,651|33,372|27,274|235,487|32,254|26,964|187,794|18,883|14,514|135,493|29,040|24,253|港元
1990|2018/02|481,242|109,282|70,768|444,507|120,802|84,126|441,746|106,589|74,050|394,614|78,888|59,745|人民币
3319|2018/02|1,760,753|398,417|289,727|1,244,735|217,150|160,670|934,412|87,827|64,966|826,099|62,841|41,604|人民币
8519|2018/02|236,371|-2,784|-4,567|232,375|-1,064|-8,245|206,476|-2,760|-7,033|170,487|5,492|2,747|港元
6829|2018/02|593,572|57,400|47,337|617,846|52,866|44,019|467,302|16,621|13,777|港元
1659|2018/02|171,627|53,828|26,416|236,761|83,306|40,706|206,653|77,868|46,979|64,539|29,453|41,844|30,164|9,068|6,089|人民币
8450|2018/02|84,155|13,566|10,216|76,725|13,443|10,754|65,329|12,801|10,633|港元
1719|2018/01|234,446|95,713|66,795|207,032|91,646|68,913|190,110|68,342|52,628|186,482|37,064|25,590|港元
1711|2018/01|224,331|35,572|30,145|210,070|27,004|22,353|181,347|28,148|23,288|港元
8456|2018/01|335,810|12,244|10,269|409,765|15,907|11,171|港元
8395|2018/01|77,316|-6,162|-7,148|81,877|10,091|7,794|65,252|8,209|6,790|港元
8136|2018/01|67,443|20,855|16,427|42,126|7,741|6,474|港元
2683|2018/01|677,214|64,524|54,931|585,940|52,345|48,133|546,043|12,942|7,244|港元
1686|2018/01|1,141,757|738,474|629,801|998,970|608,501|548,991|918,123|587,409|569,402|846,189|546,152|585,489|港元
8513|2018/01|20,744|-339|-822|19,016|2,223|1,680|17,680|1,742|1,086|新加坡元
8043|2018/01|35,842|-453|-1,169|40,560|2,175|1,403|49,336|2,021|1,347|欧罗
1665|2018/01|271,643|45,229|39,646|141,820|32,803|31,275|73,683|11,822|9,606|75,072|12,789|9,056|MYR
8287|2018/01|578,358|6,983|720|512,192|18,351|13,868|537,703|18,815|10,446|港元
2139|2018/01|7,484,989|190,885|1,798|6,670,217|44,383|1,877|5,134,034|27,381|1,404|3,433,000|30,815|2,755|人民币
8479|2018/01|1,740,695|21,703|11,807|1,116,568|28,499|18,915|626,298|10,594|7,340|人民币
8371|2018/01|198,568|25,854|14,214|163,431|21,285|12,001|港元
6182|2018/01|202,319|34,383|28,293|216,865|22,403|18,920|235,351|29,186|24,318|港元
8313|2018/01|18,583|6,439|6,630|11,493|3,413|3,587|8,711|6,040|5,986|新加坡元
8285|2018/01|208,983|8,637|3,839|210,481|9,631|6,257|192,448|14,400|10,102|人民币
8493|2018/01|418,513|-6,584|-10,161|393,705|3,689|1,128|294,429|2,134|1,880|港元
8487|2018/01|8,632|1,635|1,351|7,998|1,495|1,292|新加坡元
2448|2018/01|482,389|108,717|86,213|463,309|89,974|63,809|400,598|70,695|45,763|129,809|21,476|12,541|MOP
2292|2018/01|46,243|189,236|180,727|41,294|245,904|240,845|37,478|207,960|205,507|36,751|104,779|109,310|港元
6158|2018/01|19,995,061|2,761,848|1,408,876|14,603,520|2,364,908|1,183,256|4,310,180|799,904|418,737|3,039,559|424,233|53,359|人民币
3699|2018/01|66,657|40,269|24,266|55,936|49,081|31,514|59,386|54,902|34,305|57,119|63,880|31,427|人民币
3309|2018/01|311,228|59,041|40,127|248,659|59,528|46,887|198,851|49,620|38,357|156,472|28,929|22,361|港元
8509|2018/01|281,639|5,926|3,698|244,619|5,511|3,847|205,008|10,475|9,172|港元
8350|2018/01|32,840|2,114|-971|40,776|15,423|11,042|43,424|22,465|17,751|港元
2025|2018/01|700,365|122,113|94,798|669,894|122,030|93,725|481,127|99,270|73,425|431,969|89,268|63,800|人民币
8506|2018/01|131,627|26,897|18,975|94,302|16,945|10,797|73,162|16,145|11,337|人民币
8501|2018/01|280,670|28,898|24,100|231,124|22,280|18,604|港元
3738|2018/01|15,666|-782|-2,546|16,794|3,974|2,838|17,576|4,257|2,627|10,144|2,727|1,813|美元
1730|2017/12|106,253|260|2,312|104,705|9,512|15,094|96,374|4,242|4,223|90,740|13,980|12,756|新加坡元
8422|2017/12|75,370|12,484|9,467|44,655|10,181|8,531|港元
8485|2017/12|150,367|4,219|-177|114,260|13,073|10,694|67,985|8,913|7,239|港元
784|2017/12|219,328|37,520|27,973|120,465|22,287|17,601|74,282|21,782|18,173|港元
2708|2017/12|103,893|38,280|29,445|56,934|31,849|24,876|29,132|12,414|9,717|人民币
3878|2017/12|263,471|38,916|30,188|323,563|40,712|31,066|276,752|31,514|26,034|港元
8419|2017/12|208,136|2,907|-4,610|183,979|12,773|6,280|179,714|8,096|3,200|港元
1789|2017/12|372,700|124,888|105,376|270,777|93,370|77,326|206,164|72,957|64,907|148,278|57,791|51,721|人民币
2022|2017/12|28,621|3,972|1,727|28,446|8,643|6,940|28,008|6,479|4,474|22,776|9,147|7,502|美元
6877|2017/12|514,932|36,434|27,354|362,607|55,409|38,688|406,811|130,152|94,709|188,634|47,717|35,081|港元
8377|2017/12|74,371|-12,478|-13,190|72,624|3,515|-477|82,829|9,769|4,678|港元
839|2017/12|949,171|423,195|428,884|861,289|425,300|411,354|846,016|364,407|347,583|821,934|313,362|308,885|人民币
1722|2017/12|245,432|9,839|6,062|176,039|28,227|25,979|173,709|23,128|21,024|206,945|18,036|16,123|MOP
1727|2017/12|41,177,335|1,568,414|1,052,246|38,609,402|1,249,687|768,178|27,215,650|692,733|406,277|24,859,136|478,296|358,486|人民币
8385|2017/12|430,717|20,780|6,530|386,043|26,675|13,365|377,750|23,370|13,550|401,218|24,946|11,547|港元
6090|2017/12|137,113|44,784|31,722|120,288|36,461|28,707|104,538|36,262|34,129|84,443|72,390|111,200|新加坡元
2227|2017/12|37,570|6,901|5,395|39,953|13,820|11,548|45,506|11,769|9,866|22,206|5,753|4,769|新加坡元
1475|2017/12|2,688,530|290,008|195,363|2,629,905|167,669|90,762|2,628,663|267,577|101,268|2,535,984|231,140|149,487|港元
1417|2017/12|363,303|30,760|35,919|309,268|38,574|30,966|293,029|46,237|34,456|297,383|38,255|28,673|人民币
8429|2017/12|93,941|-192|-2,347|90,955|11,293|9,144|85,676|8,288|5,929|港元
1697|2017/12|1,647,897|951,739|894,805|1,327,381|938,880|833,029|1,785,702|1,170,477|1,075,510|1,766,177|1,190,901|985,508|人民币
8406|2017/12|176,810|13,972|9,549|172,347|14,683|9,425|168,802|10,536|7,362|174,809|8,180|5,769|人民币
8495|2017/12|269,992|-4,252|-11,094|217,793|5,708|359|161,750|2,873|643|港元
1997|2017/11|16,851|11,824|9,917|17,576|11,759|13,787|17,437|10,416|35,127|港元
1710|2017/11|744,899|106,813|75,257|657,614|50,871|29,757|517,479|35,361|21,878|港元
8402|2017/11|22,004|3,397|3,234|35,968|2,966|2,876|新加坡元
8118|2017/11|141,667|21,222|16,061|120,988|15,034|11,969|138,636|12,366|8,613|港元
8373|2017/11|30,068|3,282|2,974|29,942|2,877|2,503|新加坡元
3358|2017/11|584,529|61,977|43,340|513,532|28,590|16,460|467,914|14,735|8,175|美元
1975|2017/11|302,987|47,878|36,781|291,207|53,335|43,270|289,413|21,444|16,816|港元
2858|2017/11|1,487,897|95,641|-1,401,333|271,275|63,347|-28,206|47,990|-1,616|65|人民币
8376|2017/11|106,345|20,890|15,327|90,059|19,005|12,893|人民币
8400|2017/11|52,576|11,459|9,562|48,175|14,453|12,759|港元
1706|2017/11|51,470|8,116|7,051|44,633|6,640|5,606|42,739|3,277|2,764|新加坡元
6083|2017/11|149,724|28,752|23,511|125,161|2,706|150|134,812|25,093|21,416|港元
8375|2017/11|92,774|11,433|9,126|75,766|9,038|6,650|港元
1337|2017/11|392,099|-63,781|-59,332|319,706|-17,337|-20,356|315,247|21,244|20,332|美元
8426|2017/11|344,464|17,044|13,300|303,632|4,787|2,095|港元
3919|2017/11|303,197|36,522|24,040|311,500|13,231|3,399|384,752|23,957|11,693|港元
2122|2017/11|1,638,374|117,644|89,200|1,561,291|133,490|106,559|1,324,649|127,454|96,238|港元
1720|2017/11|467,919|63,144|52,102|361,726|40,582|34,368|270,770|20,987|17,788|人民币
772|2017/11|2,556,866|33,323|36,683|1,606,640|-307,760|-347,584|466,208|3,979|-21,130|人民币
2232|2017/11|1,763,392|143,476|123,652|1,688,458|80,290|68,285|1,700,714|97,187|81,803|美元
8436|2017/10|165,098|17,273|13,660|170,807|16,071|12,883|港元
1546|2017/10|468,363|30,158|24,967|160,673|6,011|2,860|207,031|21,312|17,796|港元
8470|2017/10|91,525|16,582|12,269|74,772|21,860|18,208|46,100|14,586|12,191|港元
2663|2017/10|381,394|37,776|30,964|343,806|32,468|24,956|197,435|18,060|11,921|港元
6080|2017/10|380,657|29,544|23,383|349,021|25,499|21,305|238,778|14,602|11,819|港元
8476|2017/10|217,447|20,276|17,273|165,488|10,875|9,079|港元
8457|2017/10|153,975|19,885|5,697|150,277|18,519|5,886|人民币
8430|2017/10|27,009|4,045|3,346|27,684|3,591|3,045|新加坡元
2225|2017/10|45,051|7,582|6,620|46,091|7,413|6,324|45,095|4,828|4,158|新加坡元
8392|2017/10|65,224|12,727|10,347|85,669|11,268|9,432|港元
8480|2017/10|97,937|7,994|6,826|89,034|6,886|5,636|MYR
8275|2017/10|116,563|7,005|5,280|86,604|20,931|17,281|港元
2337|2017/10|274,605|45,862|34,186|292,127|36,347|26,190|251,778|18,650|8,470|人民币
8065|2017/10|171,116|16,065|13,327|163,821|26,561|22,153|港元
8437|2017/10|6,160|3,044|2,681|5,596|2,579|2,251|新加坡元
1707|2017/10|344,766|26,505|20,404|391,427|42,919|35,403|305,262|31,023|25,945|港元
6885|2017/10|3,298,634|344,663|265,939|2,244,731|33,784|23,631|2,563,674|138,066|104,390|人民币
8445|2017/09|285,430|16,021|12,556|267,408|14,732|12,321|港元
6060|2017/09|3,225,412|13,015|9,372|1,921,494|59,593|44,257|712,185|36,584|36,981|人民币
8199|2017/09|31,179|20,716|16,193|24,409|17,909|14,331|人民币
1709|2017/09|206,219|30,562|25,143|155,933|7,721|4,139|140,739|18,011|14,780|港元
1651|2017/09|1,636,281|159,930|112,566|1,357,465|78,218|55,808|2,057,730|253,299|178,295|人民币
8491|2017/09|28,177|1,551|1,221|29,171|2,062|1,710|新加坡元
3830|2017/09|367,146|25,360|22,584|445,756|50,777|34,025|520,966|48,531|36,532|港元
1696|2017/09|118,156|11,860|8,055|110,406|10,927|7,814|101,321|9,323|5,943|美元
3728|2017/09|579,849|31,144|25,451|475,474|26,270|21,116|377,356|22,813|18,478|港元
8383|2017/09|129,921|-1,386|-6,196|101,120|13,604|8,462|88,448|7,004|2,627|RM
1552|2017/09|176,367|9,366|7,705|132,382|7,613|7,004|77,227|3,351|3,351|新加坡元
2863|2017/08|192,139|36,335|30,368|180,760|33,603|28,064|132,884|13,952|11,693|港元
1693|2017/08|516,879|86,630|62,919|425,593|26,520|20,967|240,179|10,116|7,186|RM
8142|2017/07|292,793|18,081|12,101|320,490|30,096|23,516|301,081|38,979|31,212|港元
8152|2017/07|247,348|27,828|21,150|310,098|35,033|26,436|港元
8471|2017/07|105,199|15,346|9,631|95,609|8,696|6,114|人民币
